128 0000 0 0.0000000000000000e+00 0
128 0125 0.2029627528643316 2.0296275286433160e-01 20
128 0250 0.40592555529852264 4.0592555529852264e-01 40
128 0500 0.81185053572369925 8.1185053572369925e-01 77
128 0750 1.2177724040009463 1.2177724040009463e+00 110
128 1000 1.6236846569991397 1.6236846569991397e+00 140
128 1250 2.0295751268186133 2.0295751268186133e+00 169
256 0000 0 0.0000000000000000e+00 0
256 0125 0.2029627528643316 2.0296275286433160e-01 39
256 0250 0.40592555529852264 4.0592555529852264e-01 79
256 0500 0.81185053572369925 8.1185053572369925e-01 153
256 0750 1.2177724040009463 1.2177724040009463e+00 219
256 1000 1.6236846569991397 1.6236846569991397e+00 280
256 1250 2.0295751268186133 2.0295751268186133e+00 338
512 0000 0 0.0000000000000000e+00 0
512 0125 0.2029627528643316 2.0296275286433160e-01 78
512 0250 0.40592555529852264 4.0592555529852264e-01 158
512 0500 0.81185053572369925 8.1185053572369925e-01 306
512 0750 1.2177724040009463 1.2177724040009463e+00 438
512 1000 1.6236846569991397 1.6236846569991397e+00 559
512 1250 2.0295751268186133 2.0295751268186133e+00 675
