# 1:iter 2:time 3:mass 4:Sx 5:Sy 6:Sz 7:S 8:area 9:hrms 10:hmean 11:meanradius 12:minradius
4 0 9.999999850006814e-01 -3.541994793940067e-19 -7.067899292141149e-17 7.067899292141149e-17 9.995581792992879e-17 5.026548094954073e+01 9.768405638391242e-07 -2.607159227077839e-03 2.339722894310928e-01 1.000192260244478e-01
4 0.500968 9.999964071351383e-01 1.726207973706665e-16 2.261727773485168e-15 1.413579858428230e-15 2.672717433099323e-15 5.026512126391420e+01 4.911518244954771e-07 -5.018754767504788e-03 2.438990334351522e-01 1.042227481430705e-01
4 1.00155 1.000007596806859e+00 -9.648640709697792e-16 -1.696295830113876e-15 3.039196695620694e-15 3.611799935403654e-15 5.026624617466140e+01 5.633773928740337e-07 5.022656365780856e-03 2.560490898821236e-01 1.118183151557751e-01
4 1.50259 9.999876464054307e-01 3.810214458024081e-16 -3.251233674384928e-15 2.579783241631519e-15 4.167850683676025e-15 5.026424054632555e+01 6.413974851422034e-07 -5.018813217422863e-03 2.674382476891648e-01 1.182587818940260e-01
4 2.0042 9.999876594531921e-01 -2.548586386925605e-16 0.000000000000000e+00 4.594134539891747e-15 4.601198223978464e-15 5.026424185801340e+01 9.994032992122018e-07 -4.268213880687708e-03 2.782084022152392e-01 1.218675192345111e-01
4 2.50476 1.000023196408433e+00 -6.915522602056568e-16 -4.452776554048924e-15 3.710647128374103e-15 5.837325216243681e-15 5.026781444180558e+01 4.440524213019017e-07 5.024262308655139e-03 2.884576147552758e-01 1.240329293640038e-01
4 3.00505 1.000029182059381e+00 4.838152299838244e-16 2.261727773485168e-15 7.774689221355263e-16 2.440071233182559e-15 5.026841620083013e+01 9.042827987007402e-07 5.026049455868127e-03 2.980277472669352e-01 1.249775327398842e-01
4 3.50604 1.000049509077795e+00 -2.048769323474441e-16 -1.696295830113876e-15 3.533949646070574e-16 1.744787122166898e-15 5.027045977600761e+01 9.090934445883354e-07 5.016282487307410e-03 3.069242239022649e-01 1.249637183040877e-01
4 4.00641 1.000021528347331e+00 7.520758215979459e-16 3.675307631913397e-15 -1.766974823035287e-15 4.146770340382220e-15 5.026764674626341e+01 9.995984476421457e-07 -1.007395091782216e-04 3.150516847300786e-01 1.243745771051774e-01
4 4.50715 1.000007094561284e+00 3.329235902179095e-16 7.350615263826794e-15 5.159566483263038e-15 8.986852016637324e-15 5.026619568305824e+01 9.977264997362515e-07 -1.403216714058387e-03 3.225567989679007e-01 1.235474272745702e-01
