# cycle time branch accepted center_z axis_extremum_z center_lapse area irreducible_mass horizon_mass spin_z mean_radius minimum_radius direct_residual flow_residual failure a_l0...
32 1.34375000000000022e-01 origin 1 0.00000000000000000e+00 0.00000000000000000e+00 3.43205008421577223e-02 4.69696382344685404e+01 9.66659848411900779e-01 1.00194690625199967e+00 5.09554786764289447e-01 4.46758175307187422e-01 4.42570569783246548e-01 1.27935682797435044e-02 2.93446565358445981e-03 none 1.58371649649349311e+00 -9.26090062653748808e-16 -9.78427139346470763e-03 6.45077205635868612e-17 3.09961747415385099e-03 -4.22156152751009111e-17 -2.86490015801517460e-04 4.97225247223111364e-17 6.26616066103488439e-04 -1.84898720356734830e-17 2.04505180229503801e-04
32 1.34375000000000022e-01 plus 1 3.23552243413664092e-03 1.53846153846153855e-02 3.43205008421577223e-02 4.69611520168359604e+01 9.66572519056988155e-01 1.00178612489259766e+00 5.08946115824805756e-01 4.44006683417697001e-01 4.39563565416642876e-01 1.31007202242472403e-02 2.99123263583090694e-03 none 1.57396271170296775e+00 -9.19773749545908987e-04 -9.87880381223746676e-03 4.94162161897595837e-04 3.05829221299898845e-03 -5.45369235193042778e-05 -3.57491165608208661e-04 2.55033928497317419e-05 7.13034035601378593e-04 -1.12826097019444067e-04 2.28716111270395035e-04
32 1.34375000000000022e-01 minus 1 -3.23552243413750785e-03 -1.53846153846153855e-02 3.43205008421577223e-02 4.69611520168359675e+01 9.66572519056988266e-01 1.00178612489259788e+00 5.08946115824806200e-01 4.44006683417698667e-01 4.39563565416644486e-01 1.31007202242469506e-02 2.99123263583085750e-03 none 1.57396271170297419e+00 9.19773749546473098e-04 -9.87880381223752574e-03 -4.94162161897636495e-04 3.05829221299888784e-03 5.45369235192337301e-05 -3.57491165608150819e-04 -2.55033928496350988e-05 7.13034035601345958e-04 1.12826097019404236e-04 2.28716111270385440e-04
64 2.34374999999999667e-01 origin 1 0.00000000000000000e+00 0.00000000000000000e+00 3.44030313572753765e-02 4.69579179311433847e+01 9.66539235885241821e-01 1.00183605068240600e+00 5.09531683348556919e-01 4.46166650492981265e-01 4.41286534094817495e-01 1.23978094286608248e-02 2.87987542622763744e-03 none 1.58161959562380128e+00 -1.14541438776565917e-15 -1.12169477684858996e-02 1.41007210266964145e-16 3.20204013482215102e-03 -5.41532043324764699e-17 -2.78819165654050998e-04 4.65310650148412907e-17 6.36469747623717675e-04 -1.93092942028574053e-17 2.00986921427212149e-04
64 2.34374999999999667e-01 plus 1 1.15080685049033862e-02 1.53846153846153855e-02 3.44030313572753765e-02 4.70892652134664260e+01 9.67890058664232833e-01 1.00353130933577006e+00 5.13123874930007884e-01 4.66224195445565537e-01 4.61439890224579818e-01 1.18324286196707443e-02 2.87377894231231846e-03 none 1.65272174120563786e+00 -3.07390713992200396e-03 -7.63702976941508637e-03 2.51932738086190161e-04 1.69410574091561077e-03 -1.30601470793016922e-04 9.02244056197521642e-06 -4.88491026726679134e-05 7.64615286669605355e-05 -7.91159932178718160e-05 6.79283138803127366e-05
64 2.34374999999999667e-01 minus 1 -1.15080685049040194e-02 -1.53846153846153855e-02 3.44030313572753765e-02 4.70892652134664118e+01 9.67890058664232611e-01 1.00353130933576984e+00 5.13123874930007884e-01 4.66224195445564704e-01 4.61439890224579374e-01 1.18324286196707529e-02 2.87377894231233624e-03 none 1.65272174120563586e+00 3.07390713992150436e-03 -7.63702976941494239e-03 -2.51932738085717178e-04 1.69410574091579595e-03 1.30601470792925578e-04 9.02244056193060828e-06 4.88491026727046611e-05 7.64615286669544911e-05 7.91159932178528153e-05 6.79283138803320760e-05
96 3.34374999999999312e-01 origin 1 0.00000000000000000e+00 0.00000000000000000e+00 3.45022099178396643e-02 4.70780344438902318e+01 9.67774631099335481e-01 1.00341353005940714e+00 5.13015408467072498e-01 4.67981957966740525e-01 4.65736615049577030e-01 1.86242971413672874e-02 4.47026702695724459e-03 none 1.65895284710490665e+00 1.98118386844035555e-16 -4.48464378102341431e-03 7.83593671149715573e-17 6.86721556304853474e-04 -3.45766127203917924e-17 -8.00013304635030877e-06 6.47865912941261536e-18 -9.47824793431116155e-06 8.66549879925771298e-18 1.34706693737846687e-05
96 3.34374999999999312e-01 plus 1 1.01762548479098786e-02 1.53846153846153855e-02 3.45022099178396643e-02 4.70879428710761232e+01 9.67876468613152796e-01 1.00349678332934733e+00 5.12959683691013302e-01 4.70394534104415396e-01 4.61692118528306439e-01 1.19216128277262797e-02 2.89256471138074926e-03 none 1.66750520683655545e+00 -2.95040421375474329e-03 -1.45809297021639549e-02 3.27205698991044091e-04 2.18343373064782418e-03 -1.90537283452859094e-04 6.08069554157561942e-05 -6.87392472416852078e-05 1.53374005845414992e-05 -7.84712731729705193e-05 7.36006913283862070e-05
96 3.34374999999999312e-01 minus 1 -1.10816670762675686e-02 -1.53846153846153855e-02 3.45022099178396643e-02 4.70934646003297317e+01 9.67933215572339134e-01 1.00356575343463450e+00 5.13094127191371263e-01 4.70534514539621140e-01 4.63333880006844667e-01 1.43090970034374862e-02 3.47739933739764275e-03 none 1.66800142455941880e+00 3.32747190766175850e-03 -1.08384747493124999e-02 -2.13228520141008727e-04 1.49272527896549901e-03 1.37325598142440868e-04 2.34841871141859559e-05 4.72860801555216253e-05 -2.10832215307910406e-05 4.82556831103395054e-05 4.55552783164273048e-05
128 4.34374999999998956e-01 origin 1 0.00000000000000000e+00 0.00000000000000000e+00 3.46357439356686919e-02 4.70550939711237746e+01 9.67538810795075532e-01 1.00312605291313539e+00 5.12450526556362584e-01 4.69233181160352730e-01 4.65979887878903043e-01 2.43259729843601606e-02 5.81621766648879063e-03 none 1.66338831784062657e+00 -1.17847461162512979e-16 -5.88948368739932934e-03 1.44443775674527741e-16 6.21126975015590999e-04 -2.71964910907235414e-17 -2.25858877989203081e-05 -5.16151961491312651e-18 -5.91164413779899782e-05 1.03793701838157979e-17 1.04581850730935493e-05
128 4.34374999999998956e-01 plus 1 9.75440335703242969e-03 1.53846153846153855e-02 3.46357439356686919e-02 4.70685329713194918e+01 9.67676966145556872e-01 1.00319512754089968e+00 5.12052932300887553e-01 4.78150748603562492e-01 4.65159446921781183e-01 1.40174795752482460e-02 3.43549541750405541e-03 none 1.69500027135148112e+00 -3.26755081064574425e-03 -2.08944126822663521e-02 3.60832443788075303e-04 2.11742530228959053e-03 -2.00414227696277220e-04 1.17506192658142718e-04 -8.45942715550244354e-05 -1.69881892475134521e-04 -4.41717323275532550e-05 6.52695188231650140e-05
128 4.34374999999998956e-01 minus 1 -1.05698982422536610e-02 -1.53846153846153855e-02 3.46357439356686919e-02 4.70733754429479490e+01 9.67726742795054440e-01 1.00329865286905195e+00 5.12486513802130617e-01 4.74228165387385769e-01 4.64534701090784097e-01 1.83166023045642640e-02 4.44841041925406102e-03 none 1.68109507589746099e+00 3.61957111764494828e-03 -1.41149058309033276e-02 -1.70890303542297429e-04 1.33132270719488492e-03 1.28117511150773340e-04 8.01568103269967800e-06 4.97251626544578440e-05 -1.46644983273052932e-04 2.21734034656332100e-05 3.49125684954285079e-05
160 5.34374999999999156e-01 origin 1 0.00000000000000000e+00 0.00000000000000000e+00 3.48044356914532643e-02 4.70166467694782071e+01 9.67143457621983949e-01 1.00265739757415906e+00 5.11601115598752099e-01 4.70347845377203644e-01 4.66332050879665672e-01 2.94503201304150593e-02 7.02627301529683106e-03 none 1.66733969960787531e+00 -6.22054317600425674e-16 -7.00025462803062319e-03 1.72984441492167914e-16 5.91177197426895709e-04 -3.15183450297103452e-17 -2.20748555418768440e-05 9.77281693005736027e-19 -9.73095883587048275e-05 -9.36035602191971416e-18 1.08865596450852421e-05
160 5.34374999999999156e-01 plus 1 1.27219678506656077e-03 1.53846153846153855e-02 3.48044356914532643e-02 4.71754008630605597e+01 9.68774886112464761e-01 1.00395497368402764e+00 5.10428757829781587e-01 5.01670237647035111e-01 4.84573497872003822e-01 6.36601689921727394e-03 1.65447325297999443e-03 none 1.77837468920434660e+00 -5.66110742580649626e-04 -2.84119718704029661e-02 3.53222997456499274e-04 1.19695315615123924e-03 -5.35244116522541453e-05 4.18612803783089847e-04 -5.68850535352617356e-05 -6.01116146631864917e-04 2.36246443210810027e-05 6.56996932714331357e-05
160 5.34374999999999156e-01 minus 1 -8.14377034498992881e-03 -1.53846153846153855e-02 3.48044356914532643e-02 4.70327270405126328e+01 9.67308830957662402e-01 1.00275280977850190e+00 5.11218180105671216e-01 4.80767732183051133e-01 4.67726267864345013e-01 1.85060196146555368e-02 4.53771847190778503e-03 none 1.70427723659792285e+00 3.11636179249022514e-03 -1.98387713666082974e-02 -1.79954549195181484e-04 1.41038211599176649e-03 1.20427300912686713e-04 7.60822108276875639e-05 6.05435618834599185e-05 -3.06451841615914828e-04 -1.84300441325136994e-06 4.35908209376410552e-05
192 6.34375000000000577e-01 origin 1 0.00000000000000000e+00 0.00000000000000000e+00 3.50065151567726107e-02 4.69652758004536395e+01 9.66614956776764345e-01 1.00202433831691073e+00 5.10417730349339904e-01 4.76041408269315292e-01 4.67982423936830427e-01 2.75331299795354423e-02 6.65120537329324472e-03 none 1.68752285455486706e+00 -1.72533512262952705e-15 -1.37475314555803915e-02 3.48427269036362694e-16 9.03017799664269905e-04 1.60996954927208251e-17 2.83521086567882201e-05 -4.38732318317309876e-17 -2.26347179380196576e-04 -2.55554344676381135e-17 3.00463557229624489e-05
192 6.34375000000000577e-01 plus 1 9.17708994137887354e-03 1.53846153846153855e-02 3.50065151567727079e-02 4.71470764018787207e+01 9.68484012625547286e-01 1.00356406846779334e+00 5.09461464063206915e-01 5.04546825794448428e-01 4.84493854013357927e-01 9.19141281940384636e-03 2.39861942134486075e-03 none 1.78857192868305037e+00 -4.16988477383974272e-03 -3.00196324928917527e-02 3.75844188585510233e-04 9.42633072772655210e-04 -1.23304495688837874e-04 4.70417182754455441e-04 -6.14947385904173464e-05 -6.10972016604466816e-04 4.77251387851741367e-05 7.08027170699908733e-05
192 6.34375000000000577e-01 minus 1 -7.64508721785203595e-03 -1.53846153846153855e-02 3.50065151567725136e-02 4.71324501605727946e+01 9.68333776590460826e-01 1.00345217849598023e+00 5.09626887844610077e-01 5.02878704943443222e-01 4.77725691295968036e-01 6.67951129503694535e-03 1.73271780455531359e-03 none 1.78265859423077089e+00 1.42998386079251031e-02 -3.05260102459356773e-02 -3.93588515091289554e-04 1.06607448426086575e-03 2.39910151571170008e-05 4.48658345175435977e-04 5.91099397464597869e-05 -6.20721819255426379e-04 -3.24292475026907232e-05 7.00235768698049258e-05
224 7.34375000000001998e-01 origin 1 0.00000000000000000e+00 0.00000000000000000e+00 3.52457808215919169e-02 4.68940314079444249e+01 9.65881520948671302e-01 1.00118727151761067e+00 5.09080370463563692e-01 4.77632606785204805e-01 4.68870348532283987e-01 2.94772027641296112e-02 7.15240686970466857e-03 none 1.69316350642895408e+00 -2.71753718194283316e-15 -1.46642554854073924e-02 2.79799689398953355e-16 7.55801756153059176e-04 1.90079124084932822e-16 6.51195844083940170e-05 -7.92671728337942356e-17 -2.73496634641853635e-04 -1.96915857251795544e-17 3.83469148935154612e-05
224 7.34375000000001998e-01 plus 1 2.43510555003255652e-04 1.53846153846153855e-02 3.52457808215920140e-02 4.70973609744713286e+01 9.67973256711570862e-01 1.00301347449414102e+00 5.08766612262983142e-01 5.06090458798747589e-01 4.86131345673780690e-01 5.64188876401537382e-03 1.47733226214051766e-03 none 1.79404396520876075e+00 -1.33824817486409049e-04 -3.20710260538697792e-02 4.62211954526775841e-04 6.54527506989351993e-04 -7.44297542004718050e-06 4.87031605369470392e-04 -6.35371995984538657e-05 -6.15946751080176380e-04 3.89818131420354675e-05 5.26460081581763884e-05
224 7.34375000000001998e-01 minus 1 -4.95644339209583285e-03 -1.53846153846153855e-02 3.52457808215918128e-02 4.70988127879075478e+01 9.67988175867560585e-01 1.00302427558646468e+00 5.08747875709175124e-01 5.06250596074205639e-01 4.85836549434869924e-01 6.72769156760302800e-03 1.76349721091247492e-03 none 1.79461163706987925e+00 2.31249423637297979e-03 -3.17926555063510891e-02 -3.31529686017409820e-04 7.24210371967504412e-04 6.75896709508736832e-05 4.87739125936615140e-04 4.62041540166292165e-05 -6.16442973907014745e-04 -4.25096826022475352e-05 6.06111092183375392e-05
256 8.34375000000003419e-01 origin 1 0.00000000000000000e+00 0.00000000000000000e+00 3.55232996447623489e-02 4.70559299381876244e+01 9.67547405262945359e-01 1.00255140571465495e+00 5.08165401924470572e-01 5.08237808009780800e-01 4.87663941695022807e-01 4.81183525927933366e-03 1.26628355097368290e-03 none 1.80165611996542974e+00 1.78005259557673752e-15 -3.31036214611130641e-02 -4.11208968673987156e-16 4.07059232920656429e-04 1.43933155389550241e-16 4.49143530309478235e-04 3.90551112182996852e-17 -5.84200990333852248e-04 -5.40382950464889453e-17 4.74810002897088781e-05
256 8.34375000000003419e-01 plus 1 9.14621720146511358e-03 1.53846153846153855e-02 3.55232996447624044e-02 4.70621374110203234e+01 9.67611221089977436e-01 1.00259993120695734e+00 5.08102397782916881e-01 5.08657703328216582e-01 4.86414984652839000e-01 8.46654756502925911e-03 2.23267765402205848e-03 none 1.80314461011370697e+00 -4.26198724509793507e-03 -3.28949033104040667e-02 3.95294661010754135e-04 4.04005205489272766e-04 -1.01935551591309987e-04 4.70860714674742374e-04 -3.83980352157263860e-05 -5.63581973533907850e-04 7.07690998766501628e-05 4.60421655797895821e-05
256 8.34375000000003419e-01 minus 1 2.34710382628303994e-04 -1.53846153846153855e-02 3.55232996447622934e-02 4.70752939997612998e+01 9.67746463282497138e-01 1.00273358367883092e+00 5.08196546011877803e-01 5.09958587518267059e-01 4.88827334920260925e-01 4.33324307018727751e-03 1.14471022188143852e-03 none 1.80775612449818079e+00 -8.52972553712720550e-05 -3.31993429476637597e-02 -5.03983990106126700e-04 2.75348771511584782e-04 -1.22748923560371464e-05 4.45011478537234238e-04 6.07739643252822335e-05 -5.49471842805957129e-04 -3.70135547630112718e-05 3.22203696675415319e-05
288 9.34375000000004841e-01 origin 1 0.00000000000000000e+00 0.00000000000000000e+00 3.58401745249372281e-02 4.70418718129911042e+01 9.67402865365099229e-01 1.00238735840465032e+00 5.07908108719237528e-01 5.12388849441403171e-01 4.91036630175167854e-01 3.69786198384632796e-03 9.81988310707478671e-04 none 1.81637117870692499e+00 6.30617159728825690e-15 -3.41225318678875927e-02 2.12034017620576706e-17 1.91865614611795289e-04 -5.45096758552781830e-16 3.87062075510565223e-04 1.33185764959545092e-16 -4.72479942421102190e-04 1.26054261115886097e-16 2.94382532071129900e-05
288 9.34375000000004841e-01 plus 1 -3.32367740473279018e-04 1.53846153846153855e-02 3.58401745249372697e-02 4.70451155634886717e+01 9.67436218198561626e-01 1.00241902631994684e+00 5.07921771013764345e-01 5.12650490273808379e-01 4.90894804232612891e-01 3.81672717878433175e-03 1.01357750656343626e-03 none 1.81729867130882594e+00 1.27152326501565996e-04 -3.40442467898232903e-02 5.23313582641549992e-04 1.79078177521348528e-04 1.02231051528307653e-05 3.76372940256356262e-04 -5.03837931224114036e-05 -4.58980988207207145e-04 3.24293916327074826e-05 2.60177560946459062e-05
288 9.34375000000004841e-01 minus 1 -9.25843852648907707e-03 -1.53846153846153855e-02 3.58401745249371864e-02 4.70377571188996768e+01 9.67360555676428868e-01 1.00233542790012065e+00 5.07803907687554457e-01 5.11971915698405722e-01 4.89076047743362330e-01 8.03412285469004735e-03 2.13739004765814292e-03 none 1.81489318707022895e+00 4.26082939794337427e-03 -3.37826149475339496e-02 -4.27340800737717301e-04 2.02100221647296714e-04 8.03520076577273363e-05 4.10847522231327347e-04 2.99415688629293473e-05 -4.75999090627616910e-04 -7.15850431920392327e-05 3.01543872335947241e-05
320 1.03437500000000626e+00 origin 1 0.00000000000000000e+00 0.00000000000000000e+00 3.61965533724320915e-02 4.70129886398826571e+01 9.67105832597992210e-01 1.00209827139600316e+00 5.07734261380865859e-01 5.15697928458814348e-01 4.93873289844357521e-01 3.59021215867838094e-03 9.58780557612607244e-04 none 1.82810155840164690e+00 5.89761835942369695e-15 -3.48524320856091890e-02 5.32498442891059092e-17 1.21050904605317060e-04 -5.69173161399268320e-16 3.40057104385878793e-04 1.61487735037032484e-16 -3.90103312801139688e-04 -2.34895388334057740e-17 3.00045932745234712e-05
320 1.03437500000000626e+00 plus 1 -4.67978455863685638e-04 1.53846153846153855e-02 3.61965533724321609e-02 4.70224053621294331e+01 9.67202683609654779e-01 1.00219160058451617e+00 5.07784073210678866e-01 5.16343594818577389e-01 4.94007369390623952e-01 3.59413840268703235e-03 9.61120645756204572e-04 none 1.83039038605317139e+00 1.88031091452690543e-04 -3.48843702753675183e-02 5.49995962231738904e-04 1.19184250621617077e-04 6.40673396809563720e-06 3.08636420463372931e-04 -4.06143531834211359e-05 -3.55394589925310729e-04 2.75412556420451976e-05 2.63065120374902398e-05
320 1.03437500000000626e+00 minus 1 4.67978455868896910e-04 -1.53846153846153855e-02 3.61965533724320290e-02 4.70224053621293976e+01 9.67202683609654446e-01 1.00219160058451573e+00 5.07784073210678755e-01 5.16343594818576390e-01 4.94007369390622453e-01 3.59413840268723575e-03 9.61120645756257047e-04 none 1.83039038605316828e+00 -1.88031091453004962e-04 -3.48843702753672338e-02 -5.49995962231248411e-04 1.19184250621561281e-04 -6.40673396918060085e-06 3.08636420463459613e-04 4.06143531837073720e-05 -3.55394589925343309e-04 -2.75412556421956204e-05 2.63065120374592723e-05
352 1.13437500000000768e+00 origin 1 0.00000000000000000e+00 0.00000000000000000e+00 3.65961925369980845e-02 4.70005510940984550e+01 9.66977897541417386e-01 1.00199342190046514e+00 5.07804511894604738e-01 5.20036543164444809e-01 4.97714814016096518e-01 3.78408015195010874e-03 1.01934653353250439e-03 none 1.84348154708682666e+00 5.95388907948382895e-15 -3.57184994155149149e-02 -6.05724171446772525e-17 1.07712940669680700e-04 -2.99554988895684609e-16 2.87673547599712979e-04 5.81913424716034551e-17 -2.98818635189304323e-04 -1.61140986350126527e-16 3.78637692227580609e-05
352 1.13437500000000768e+00 plus 1 -4.01353860342193935e-04 1.53846153846153855e-02 3.65961925369981747e-02 4.70130945712818260e+01 9.67106922156635962e-01 1.00211649807666436e+00 5.07861637499642860e-01 5.20965704793504236e-01 4.98252811914814520e-01 3.63611238962630685e-03 9.81592146038379621e-04 none 1.84677533930190640e+00 1.62296846896769435e-04 -3.57699241952265032e-02 4.08940215759658293e-04 1.25357644871534521e-04 2.57239290509140473e-06 2.62303695924523547e-04 -2.41794560868110930e-05 -2.70087794326368696e-04 1.56406068346484146e-05 3.45001341192390488e-05
352 1.13437500000000768e+00 minus 1 4.01353860347279168e-04 -1.53846153846153855e-02 3.65961925369979804e-02 4.70130945712818331e+01 9.67106922156636073e-01 1.00211649807666436e+00 5.07861637499642637e-01 5.20965704793503570e-01 4.98252811914813465e-01 3.63611238962622619e-03 9.81592146038354468e-04 none 1.84677533930190485e+00 -1.62296846896713679e-04 -3.57699241952264962e-02 -4.08940215759418576e-04 1.25357644871447026e-04 -2.57239290549978176e-06 2.62303695924624052e-04 2.41794560868246760e-05 -2.70087794326378291e-04 -1.56406068350290203e-05 3.45001341191817758e-05
384 1.23437500000000910e+00 origin 1 0.00000000000000000e+00 0.00000000000000000e+00 3.70387257480673387e-02 4.69771538226891465e+01 9.66737182696860486e-01 1.00178174441973500e+00 5.07830209469376626e-01 5.24446763002093475e-01 5.01788008599850843e-01 4.06131298945772937e-03 1.10371526390502100e-03 none 1.85911536935598765e+00 4.89254383401629254e-15 -3.64253701517632811e-02 3.33724252410463733e-17 1.89497366303043160e-04 2.77148334450236801e-16 2.43174103098404081e-04 4.14781035290889210e-17 -2.31383077624120094e-04 -2.70404486073778036e-16 4.51855113559508032e-05
384 1.23437500000000910e+00 plus 1 -5.71882799257872896e-04 1.53846153846153855e-02 3.70387257480674498e-02 4.69985769641772109e+01 9.66957589693938413e-01 1.00198825240248968e+00 5.07900317344150198e-01 5.26197040859828435e-01 5.03011371170659638e-01 3.78935172376329869e-03 1.03315264624097378e-03 none 1.86531994281418179e+00 2.28392930633654860e-04 -3.64002382937548413e-02 5.84429833305683487e-04 1.85224021346881484e-04 6.01600052528466128e-06 2.22558683182601805e-04 -3.04924910925851110e-05 -2.09223277274248726e-04 1.81364011540849873e-05 4.02691086609565383e-05
384 1.23437500000000910e+00 minus 1 -9.55701941315492860e-03 -1.53846153846153855e-02 3.70387257480672277e-02 4.69669031638495369e+01 9.66631703406540033e-01 1.00167169953745261e+00 5.07713927497435047e-01 5.23470780017416537e-01 4.99242791055156232e-01 8.24830546970712133e-03 2.23846232872379524e-03 none 1.85565559975676941e+00 4.18482096557155035e-03 -3.61890450336206648e-02 -4.77824217360037749e-04 1.74674777088261321e-04 2.36043755890668156e-05 2.44100905733286736e-04 1.94299884484892910e-05 -2.40441760372942952e-04 -3.93745947468441057e-05 3.58480834990151969e-05
416 1.33437500000001052e+00 origin 1 0.00000000000000000e+00 0.00000000000000000e+00 3.75250600699020623e-02 4.69731664142799303e+01 9.66696153627838006e-01 1.00176619136884870e+00 5.07985900889755815e-01 5.30350846751068250e-01 5.07404469307114581e-01 3.82227145350713107e-03 1.05013365044511419e-03 none 1.88004480130986562e+00 -3.71466071100004545e-15 -3.70325035864275676e-02 2.13602669007859621e-16 2.77765571800665052e-04 4.41932668751487868e-16 2.17716294377420620e-04 1.49634861150762028e-16 -1.96887087742063317e-04 -3.18953269680532917e-16 5.13905454981923942e-05
416 1.33437500000001052e+00 plus 1 9.59882749844298902e-03 1.53846153846153855e-02 3.75250600699021941e-02 4.69505502884895733e+01 9.66463408470396246e-01 1.00153958044805980e+00 5.07848745067738028e-01 5.28683473153280015e-01 5.04186536714298250e-01 8.27642941263169798e-03 2.26975814549383549e-03 none 1.87413411580127032e+00 -4.19896201523448608e-03 -3.67952454939998175e-02 5.64911147592329715e-04 2.35846405598437979e-04 -2.08263270101187078e-05 2.13382023625536638e-04 -2.75972551652726700e-05 -1.98943175319163086e-04 2.99084539202397871e-05 3.98443252875224158e-05
416 1.33437500000001052e+00 minus 1 5.69084823153604390e-04 -1.53846153846153855e-02 3.75250600699019304e-02 4.69833409446840733e+01 9.66800842619507050e-01 1.00186424660335849e+00 5.08019021437762008e-01 5.31110900192623192e-01 5.07685245676699481e-01 3.86107470127162230e-03 1.06141560514769412e-03 none 1.88273912060862192e+00 -2.28105647679132886e-04 -3.69193081793895567e-02 -5.98056040589358827e-04 2.73689405574061234e-04 -7.15529924279168922e-08 2.11291020751426599e-04 2.54312941380716341e-05 -1.90839899011010242e-04 -1.55981192327976688e-05 4.88441585872044666e-05
448 1.43437500000001195e+00 origin 1 0.00000000000000000e+00 0.00000000000000000e+00 3.80636630222338374e-02 4.69439952068000466e+01 9.66395938891280060e-01 1.00148929731593639e+00 5.07922488315232123e-01 5.35059903840240825e-01 5.11917282086454928e-01 3.73330239747430518e-03 1.03355362211328904e-03 none 1.89673797405354150e+00 -6.28882230192857547e-15 -3.74432589995350312e-02 3.43891600537226958e-16 3.43394846583784370e-04 1.25086146475203006e-16 2.17301005101011666e-04 -5.63771601472780355e-17 -2.00687314360024297e-04 -1.65663429258640860e-16 6.11903244630452870e-05
448 1.43437500000001195e+00 plus 1 -5.79533861752583920e-04 1.53846153846153855e-02 3.80636630222339276e-02 4.69564464564665514e+01 9.66524092015853764e-01 1.00160688831160694e+00 5.07945104817046689e-01 5.35997732072009958e-01 5.12379246713337566e-01 3.68759778876227981e-03 1.02185749436328548e-03 none 1.90006248857531590e+00 2.36276417751910917e-04 -3.73345531880851164e-02 5.89971430399508141e-04 3.44546559895529399e-04 2.65864716675730203e-07 2.10614091040752248e-04 -2.32936145252448138e-05 -1.93026512649234591e-04 1.40037543265572259e-05 5.77777534013399914e-05
448 1.43437500000001195e+00 minus 1 5.79533861746970246e-04 -1.53846153846153855e-02 3.80636630222337402e-02 4.69564464564665727e+01 9.66524092015853986e-01 1.00160688831160716e+00 5.07945104817046689e-01 5.35997732072010957e-01 5.12379246713337788e-01 3.68759778876292035e-03 1.02185749436346047e-03 none 1.90006248857531923e+00 -2.36276417752583041e-04 -3.73345531880851372e-02 -5.89971430399313310e-04 3.44546559895418864e-04 -2.65864716587728509e-07 2.10614091040768321e-04 2.32936145251016924e-05 -1.93026512649200358e-04 -1.40037543268367942e-05 5.77777534013135708e-05
480 1.53437500000001337e+00 origin 1 0.00000000000000000e+00 0.00000000000000000e+00 3.86431956085958039e-02 4.69516080864911203e+01 9.66474295641021386e-01 1.00158667938695167e+00 5.08124032134106285e-01 5.41682821135598069e-01 5.18282218043612075e-01 2.91730968289943219e-03 8.19191347474490733e-04 none 1.92021560458231133e+00 -3.16200060263069255e-15 -3.79362687619880373e-02 4.68339432943061496e-16 4.29262404522419221e-04 -3.82434727626313600e-17 2.06049743553949049e-04 -4.32539326161916626e-16 -2.07927658170303824e-04 -3.74635150238386291e-17 6.02372695336374876e-05
480 1.53437500000001337e+00 plus 1 2.00411207560758416e-03 1.53846153846153855e-02 3.86431956085958941e-02 4.69604064580132672e+01 9.66564846337105266e-01 1.00167418007907805e+00 5.08172553518777215e-01 5.42148259748555961e-01 5.18707357896100563e-01 3.25443457233726575e-03 9.18203971940750245e-04 none 1.92186554150610589e+00 -8.83883682318382913e-04 -3.78487314044919226e-02 5.32996022121851108e-04 3.93617238042620035e-04 -1.24395910456645599e-05 2.07054672826685290e-04 -3.04567129438406431e-05 -2.00814541779895285e-04 1.11177668893996405e-05 5.47263527544866632e-05
480 1.53437500000001337e+00 minus 1 6.24091586124147493e-04 -1.53846153846153855e-02 3.86431956085957068e-02 4.69650685349043471e+01 9.66612823858373105e-01 1.00171939494654261e+00 5.08189813526096490e-01 5.42410265710969286e-01 5.18499271384376681e-01 3.00862589824202201e-03 8.44765628374561186e-04 none 1.92279432846018472e+00 -2.45418863176220131e-04 -3.78173062228022022e-02 -5.96124375050991200e-04 3.96501335962806570e-04 -5.36837126894195791e-06 2.02188477321433717e-04 2.57938971726318696e-05 -1.99737529589258611e-04 -1.29128163099678106e-05 5.14443397031801202e-05
512 1.63437500000001479e+00 origin 1 0.00000000000000000e+00 0.00000000000000000e+00 3.92823753275602650e-02 4.69647859261034384e+01 9.66609915593671709e-01 1.00175415904501186e+00 5.08464990728731636e-01 5.47798126093602566e-01 5.24123597474861924e-01 2.34252184015951029e-03 6.64027340849660864e-04 none 1.94189379622686409e+00 -1.66064985761556132e-15 -3.84039760611939729e-02 1.24167747195610482e-15 4.86305580620460809e-04 -3.11348662531995769e-16 1.95870030348464552e-04 -4.67928944508924507e-16 -2.08062579823306435e-04 5.37147007981354994e-17 4.50555971068009354e-05
512 1.63437500000001479e+00 plus 1 -6.51906982287906020e-04 1.53846153846153855e-02 3.92823753275603205e-02 4.69743159486802995e+01 9.66707982122375742e-01 1.00184794356429530e+00 5.08510376300503220e-01 5.48309117572457927e-01 5.24131645807946689e-01 2.56653627332131297e-03 7.27153115459312164e-04 none 1.94370521385581840e+00 2.55161402328690009e-04 -3.82947573295607871e-02 6.06127898037334850e-04 4.78797962587736072e-04 2.66811815963277272e-07 1.89882358695401041e-04 -2.53021059510759726e-05 -2.00996854202053842e-04 1.35669203293226408e-05 4.02095921183022323e-05
512 1.63437500000001479e+00 minus 1 6.51906982287259185e-04 -1.53846153846153855e-02 3.92823753275602094e-02 4.69743159486802853e+01 9.66707982122375631e-01 1.00184794356429530e+00 5.08510376300503442e-01 5.48309117572457705e-01 5.24131645807946911e-01 2.56653627332187892e-03 7.27153115459471975e-04 none 1.94370521385581729e+00 -2.55161402328599261e-04 -3.82947573295601487e-02 -6.06127898035462107e-04 4.78797962587658714e-04 -2.66811816514132126e-07 1.89882358695383016e-04 2.53021059502329444e-05 -2.00996854202058748e-04 -1.35669203292213983e-05 4.02095921183111973e-05
544 1.73437500000001621e+00 origin 1 0.00000000000000000e+00 0.00000000000000000e+00 3.99761115679281784e-02 4.69777866424925108e+01 9.66743694036137469e-01 1.00191220310786266e+00 5.08748601339671480e-01 5.54034776734736334e-01 5.30128085251969750e-01 2.18675469759742249e-03 6.24996716216085087e-04 none 1.96400214711812460e+00 4.20656033482966975e-16 -3.88845524711606827e-02 2.11980047529317992e-15 5.71020432859828267e-04 -3.96709453001281308e-16 1.90292110105437951e-04 -3.68709609802338970e-16 -1.97241980626793327e-04 1.38096272314305147e-16 3.87387217817669239e-05
544 1.73437500000001621e+00 plus 1 -6.16952368195855137e-04 1.53846153846153855e-02 3.99761115679282616e-02 4.69859912494840657e+01 9.66828110590756018e-01 1.00199096464193071e+00 5.08773201775791883e-01 5.54490319564494905e-01 5.30118195623757060e-01 2.43494292310353008e-03 6.96133206923035710e-04 none 1.96561700440383946e+00 2.38205347358913701e-04 -3.87582311045716055e-02 6.01831509632043426e-04 5.75594691472622018e-04 -8.37286576229584914e-06 1.84708377917811175e-04 -2.36135281694992583e-05 -1.92448079084648726e-04 1.48201102234226442e-05 3.61808831812920521e-05
544 1.73437500000001621e+00 minus 1 6.16952368198923321e-04 -1.53846153846153855e-02 3.99761115679280951e-02 4.69859912494840657e+01 9.66828110590756018e-01 1.00199096464193071e+00 5.08773201775791661e-01 5.54490319564494238e-01 5.30118195623758170e-01 2.43494292310475740e-03 6.96133206923381896e-04 none 1.96561700440383857e+00 -2.38205347359737423e-04 -3.87582311045711267e-02 -6.01831509628741597e-04 5.75594691472579409e-04 8.37286576171091021e-06 1.84708377917765449e-04 2.36135281687902037e-05 -1.92448079084636420e-04 -1.48201102231216290e-05 3.61808831813429011e-05
576 1.83437500000001763e+00 origin 1 0.00000000000000000e+00 0.00000000000000000e+00 4.07078543291431866e-02 4.69813603932275541e+01 9.66780464981835785e-01 1.00195507684971519e+00 5.08822385653831755e-01 5.60393686098183408e-01 5.36337082062922521e-01 2.11689315877767016e-03 6.11683570711889441e-04 none 1.98654389389572628e+00 9.43048543072783005e-17 -3.92169511224937095e-02 1.58679089462094339e-15 6.59289135656877193e-04 -1.89627719581791311e-16 1.82234673443943681e-04 -1.97193270439034210e-16 -1.94432180661493630e-04 9.64352925499830082e-17 3.02738097110380766e-05
576 1.83437500000001763e+00 plus 1 -5.91835603250424414e-04 1.53846153846153855e-02 4.07078543291432560e-02 4.69930814146113534e+01 9.66901054804424787e-01 1.00206650723998947e+00 5.08849573739503569e-01 5.61017655362193723e-01 5.36484815653964664e-01 2.33378447481055479e-03 6.75020727396888624e-04 none 1.98875580734540924e+00 2.28518939472629828e-04 -3.91112798697407157e-02 6.09390765199977077e-04 6.73882386413482046e-04 -1.58619709988086166e-05 1.79310974351934872e-04 -1.94981306400089005e-05 -1.98520021412547425e-04 1.85340540820722140e-05 3.06433633658126700e-05
576 1.83437500000001763e+00 minus 1 5.91835603252606913e-04 -1.53846153846153855e-02 4.07078543291431172e-02 4.69930814146113534e+01 9.66901054804424787e-01 1.00206650723998947e+00 5.08849573739503458e-01 5.61017655362193723e-01 5.36484815653965441e-01 2.33378447481188056e-03 6.75020727397263542e-04 none 1.98875580734540991e+00 -2.28518939473593466e-04 -3.91112798697407088e-02 -6.09390765198067363e-04 6.73882386413393142e-04 1.58619709988490438e-05 1.79310974352028574e-04 1.94981306396034767e-05 -1.98520021412566805e-04 -1.85340540819395890e-05 3.06433633658237425e-05
608 1.93437500000001905e+00 origin 1 0.00000000000000000e+00 0.00000000000000000e+00 4.15460370974010812e-02 4.69955206557065139e+01 9.66926148649223549e-01 1.00208096205414221e+00 5.08790907510839885e-01 5.67371901736752671e-01 5.43283841766404985e-01 1.86821324347278238e-03 5.48790666838517194e-04 none 2.01128102425778810e+00 -5.68703355147298612e-16 -3.93986693365811005e-02 -1.77876565545570873e-16 7.41545810415084354e-04 4.19700569529136313e-16 1.99538891127152754e-04 1.87714891488795275e-16 -2.13041667061786690e-04 -2.53704357988434584e-16 4.52355296819107692e-05
608 1.93437500000001905e+00 plus 1 -4.61870336840274282e-04 1.53846153846153855e-02 4.15460370974011020e-02 4.70020124920385669e+01 9.66992930647307736e-01 1.00214284723808777e+00 5.08807232161291534e-01 5.67721950286244614e-01 5.43298564034288556e-01 2.00702340734227637e-03 5.89329414189182607e-04 none 2.01252191405689063e+00 1.79778950634134873e-04 -3.93159529700886218e-02 4.45588827486371433e-04 7.50965852510034060e-04 -1.95677257891550749e-05 1.97342797829494211e-04 -1.71138762439250583e-05 -2.14310951961756602e-04 1.05552565875290912e-05 4.65830422708838192e-05
608 1.93437500000001905e+00 minus 1 4.61870336840667197e-04 -1.53846153846153855e-02 4.15460370974010534e-02 4.70020124920386095e+01 9.66992930647308180e-01 1.00214284723808822e+00 5.08807232161291423e-01 5.67721950286246058e-01 5.43298564034288778e-01 2.00702340734217142e-03 5.89329414189152141e-04 none 2.01252191405689462e+00 -1.79778950634817432e-04 -3.93159529700892324e-02 -4.45588827487342770e-04 7.50965852509955889e-04 1.95677257901879638e-05 1.97342797829571433e-04 1.71138762443340092e-05 -2.14310951961729334e-04 -1.05552565881404830e-05 4.65830422708310931e-05
640 2.03437500000001803e+00 origin 1 0.00000000000000000e+00 0.00000000000000000e+00 4.23854876462384372e-02 4.69947299817961763e+01 9.66918014613426191e-01 1.00207562711676568e+00 5.08805142096209639e-01 5.73538828173195125e-01 5.49419221114174516e-01 2.12226694085263174e-03 6.34661264360870231e-04 none 2.03314220927883538e+00 -5.00315322584384556e-15 -3.95530732231927085e-02 2.04470936724708194e-16 8.16445213234404262e-04 2.70661187480157168e-16 2.00940165899261028e-04 4.45814552603321263e-16 -2.17801863349698831e-04 -1.89793251076112554e-16 5.11123069257321454e-05
640 2.03437500000001803e+00 plus 1 -6.78488824072678029e-04 1.53846153846153855e-02 4.23854876462384234e-02 4.70114514689349150e+01 9.67090021870103400e-01 1.00223608935622810e+00 5.08855047738133615e-01 5.74388664814116323e-01 5.49802074945415775e-01 2.27698766556275927e-03 6.80290836793738096e-04 none 2.03615480173251839e+00 2.71670292117670933e-04 -3.94203112291925534e-02 5.78556070920924767e-04 8.24385926714823005e-04 -1.49254947400629045e-05 1.91996970292193349e-04 -2.23193806191081418e-05 -2.19080941502980989e-04 1.84001774033198480e-05 4.86333398556243964e-05
640 2.03437500000001803e+00 minus 1 6.78488824066625145e-04 -1.53846153846153855e-02 4.23854876462384442e-02 4.70114514689349434e+01 9.67090021870103622e-01 1.00223608935622832e+00 5.08855047738133504e-01 5.74388664814118211e-01 5.49802074945417885e-01 2.27698766556186025e-03 6.80290836793475610e-04 none 2.03615480173252417e+00 -2.71670292117653206e-04 -3.94203112291941493e-02 -5.78556070920698494e-04 8.24385926714775734e-04 1.49254947407281286e-05 1.91996970292400242e-04 2.23193806199588813e-05 -2.19080941503007497e-04 -1.84001774036816734e-05 4.86333398556326363e-05
672 2.13437500000001235e+00 origin 1 0.00000000000000000e+00 0.00000000000000000e+00 4.33407522132988193e-02 4.70012813593061978e+01 9.66985409661550888e-01 1.00213972100675797e+00 5.08833705713962470e-01 5.80020932124587718e-01 5.55732937752511869e-01 2.56073938921200922e-03 7.82539798270646156e-04 none 2.05612066950006733e+00 -2.61978722981564993e-15 -3.95618115787863406e-02 -2.90582548551577437e-16 7.67106499422198947e-04 -6.22030924255607878e-16 1.39452736126220316e-04 5.24183273140002924e-16 -2.57271314403081691e-04 6.41679234068312151e-17 3.52214334702268355e-05
672 2.13437500000001235e+00 plus 1 -5.75223886041298306e-04 1.53846153846153855e-02 4.33407522132987985e-02 4.70155106963145215e+01 9.67131772905606590e-01 1.00227517318024817e+00 5.08868149827196525e-01 5.80679396191424169e-01 5.55852936531875619e-01 2.78838604121805621e-03 8.50658363539541474e-04 none 2.05845486384196175e+00 2.22121813511135609e-04 -3.94468883083474789e-02 6.31608098373728625e-04 7.41216814011783054e-04 7.94785584434207010e-06 1.31885608016809388e-04 -1.86035072573617909e-05 -2.55882004089748370e-04 1.60076817999794579e-05 3.32362134725091245e-05
672 2.13437500000001235e+00 minus 1 5.75223886037160232e-04 -1.53846153846153855e-02 4.33407522132988471e-02 4.70155106963145712e+01 9.67131772905607145e-01 1.00227517318024884e+00 5.08868149827196636e-01 5.80679396191426389e-01 5.55852936531877284e-01 2.78838604121700497e-03 8.50658363539232476e-04 none 2.05845486384196841e+00 -2.22121813509972856e-04 -3.94468883083480201e-02 -6.31608098374605203e-04 7.41216814012003147e-04 -7.94785584545477324e-06 1.31885608016910056e-04 1.86035072582435420e-05 -2.55882004089906176e-04 -1.60076817997390733e-05 3.32362134725985034e-05
704 2.23437500000000666e+00 origin 1 0.00000000000000000e+00 0.00000000000000000e+00 4.43954650683108451e-02 4.69935140879354520e+01 9.66905506005728332e-01 1.00205788716569710e+00 5.08756796751011597e-01 5.85406319913805318e-01 5.61399480261289274e-01 3.29235782383460306e-03 1.02005447639176355e-03 none 2.07521137215130302e+00 4.49053596431505548e-15 -3.94078553919619684e-02 -7.85728105082294163e-16 7.36916962148110970e-04 -8.95271786927033290e-16 1.92251468899513862e-04 2.58251705904042135e-16 -1.80500180915153541e-04 3.41368666934314261e-16 9.86271367205237534e-05
704 2.23437500000000666e+00 plus 1 -7.02900251994191690e-04 1.53846153846153855e-02 4.43954650683107480e-02 4.70042940139907799e+01 9.67016399736285504e-01 1.00215891527067846e+00 5.08771118034956449e-01 5.85919491797323500e-01 5.61586779730070207e-01 3.46228857196367260e-03 1.07029059438540743e-03 none 2.07703051911353986e+00 2.88093385787059912e-04 -3.91159135239332184e-02 5.58531311549530988e-04 7.35599358461225088e-04 -1.33258869999571537e-05 1.95876450444515692e-04 -3.41835816340581446e-05 -1.73152449277143793e-04 7.60650364167966507e-06 9.38572007218184856e-05
704 2.23437500000000666e+00 minus 1 7.02900251996912062e-04 -1.53846153846153855e-02 4.43954650683109492e-02 4.70042940139907657e+01 9.67016399736285281e-01 1.00215891527067824e+00 5.08771118034956560e-01 5.85919491797323500e-01 5.61586779730069541e-01 3.46228857196313831e-03 1.07029059438525434e-03 none 2.07703051911353942e+00 -2.88093385785554389e-04 -3.91159135239333294e-02 -5.58531311550486170e-04 7.35599358461482260e-04 1.33258869982116882e-05 1.95876450444439120e-04 3.41835816344881392e-05 -1.73152449277247199e-04 -7.60650364100439855e-06 9.38572007218283112e-05
736 2.33437500000000098e+00 origin 1 0.00000000000000000e+00 0.00000000000000000e+00 4.53913313373384558e-02 4.69658962790018819e+01 9.66621341939567613e-01 1.00178726139291951e+00 5.08633535710856677e-01 5.90297196077024910e-01 5.66332587297940782e-01 4.80529471226194809e-03 1.50116583902818053e-03 none 2.09254907673090429e+00 -5.19065306367488041e-16 -3.90551804774937478e-02 -1.51275473875849437e-15 6.59329289131908467e-04 -2.92270445749442939e-16 1.52371135259328445e-04 -2.86711509381600057e-16 -1.97732294814412680e-04 -5.30213566047707594e-17 5.01969200529156612e-05
736 2.33437500000000098e+00 plus 1 -6.49660138833575425e-04 1.53846153846153855e-02 4.53913313373383656e-02 4.69865596921301787e+01 9.66833958979314789e-01 1.00198320158046972e+00 5.08677549500971105e-01 5.91237545093333150e-01 5.66752835345154526e-01 4.77896363390356051e-03 1.49381526724367132e-03 none 2.09588252720120538e+00 2.52170953489768443e-04 -3.88881863375046266e-02 5.71993264507064387e-04 5.99709254194428446e-04 1.08086082509632131e-05 1.43058456206930846e-04 -1.09859668936950909e-05 -1.92413193970858258e-04 2.43376567104017645e-05 4.97178870294308762e-05
736 2.33437500000000098e+00 minus 1 6.49660138831525524e-04 -1.53846153846153855e-02 4.53913313373385530e-02 4.69865596921302071e+01 9.66833958979315011e-01 1.00198320158046994e+00 5.08677549500971216e-01 5.91237545093333705e-01 5.66752835345152417e-01 4.77896363390340351e-03 1.49381526724361646e-03 none 2.09588252720120760e+00 -2.52170953489254965e-04 -3.88881863375042103e-02 -5.71993264509833440e-04 5.99709254194540444e-04 -1.08086082514112782e-05 1.43058456206922850e-04 1.09859668931067977e-05 -1.92413193970807978e-04 -2.43376567106886003e-05 4.97178870294068002e-05
768 2.43437499999999529e+00 origin 1 0.00000000000000000e+00 0.00000000000000000e+00 4.67511882648513760e-02 4.69368422358110777e+01 9.66322310033884468e-01 1.00151770540318186e+00 5.08615768084577868e-01 5.95515206643339567e-01 5.71086907745123606e-01 5.41271133664335356e-03 1.71365204112282734e-03 none 2.11104644257556506e+00 -3.75939451567131404e-15 -3.93480578489555158e-02 9.04165267781358011e-16 4.08480068801200108e-04 9.67326886764683079e-16 2.31428629950620592e-05 2.18911676686022907e-16 -1.81401781895868886e-04 1.18106593636777957e-16 8.21947663759492393e-05
768 2.43437499999999529e+00 plus 1 -4.91456462201117256e-04 1.53846153846153855e-02 4.67511882648512858e-02 4.69439649191884243e+01 9.66395627138632363e-01 1.00158515930408387e+00 5.08630179443455233e-01 5.95829160158204307e-01 5.70924350019811788e-01 5.59459936174384886e-03 1.76960453378162625e-03 none 2.11215937880841986e+00 1.75777077672467993e-04 -3.91893986259384472e-02 6.39380420139622251e-04 3.91068611413714149e-04 2.14068816606303856e-05 3.00456171393143165e-05 -7.33122657939818528e-06 -1.76038738564309697e-04 6.40402725307553891e-06 8.46300754708594012e-05
768 2.43437499999999529e+00 minus 1 -2.79095389234620961e-03 -1.53846153846153855e-02 4.67511882648514593e-02 4.69398819658956725e+01 9.66353600074942198e-01 1.00154827866163876e+00 5.08635052792165143e-01 5.95638106868927153e-01 5.71063598675793149e-01 5.83370983395573809e-03 1.84560244226168691e-03 none 2.11148211253180440e+00 1.20465571579266820e-03 -3.92039696304970486e-02 -5.48617524928994961e-04 3.82976532279589749e-04 3.35855205628918693e-05 3.39494936120064697e-05 1.53197050498618095e-05 -1.80770745678834210e-04 -5.25494279844469135e-06 7.90233828152612941e-05
800 2.53437499999998961e+00 origin 1 0.00000000000000000e+00 0.00000000000000000e+00 4.78770614899840727e-02 4.69724161586595699e+01 9.66688433559405036e-01 1.00187215633628468e+00 5.08817226311388149e-01 6.02504674069802237e-01 5.79677562455478190e-01 8.00938819305357583e-03 2.55481555219957837e-03 none 2.13582345948718944e+00 5.04147019821417769e-15 -3.85317279282514011e-02 4.79013098008821301e-15 8.92075227684854030e-04 1.15894340452652512e-15 3.19346005767601649e-04 9.54250083552251957e-16 5.81989907695386167e-05 4.94172185996128293e-16 1.97896422318600911e-04
800 2.53437499999998961e+00 plus 1 -8.28673563395048210e-04 1.53846153846153855e-02 4.78770614899840102e-02 4.69869129358230069e+01 9.66837593288342290e-01 1.00201215099414487e+00 5.08866819394967251e-01 6.03114967417508585e-01 5.80049942686573394e-01 8.13370870142779250e-03 2.59626543635420792e-03 none 2.13798689307583745e+00 3.40495267452429302e-04 -3.83120774298305183e-02 4.04698181168568585e-04 9.29402025185506638e-04 -7.16260823570194873e-05 3.22698973176282784e-04 -2.29541273710460130e-05 6.05682802178813561e-05 2.80225873985643258e-05 1.93595670839186303e-04
800 2.53437499999998961e+00 minus 1 8.28673563401320754e-04 -1.53846153846153855e-02 4.78770614899841351e-02 4.69869129358229145e+01 9.66837593288341290e-01 1.00201215099414398e+00 5.08866819394967140e-01 6.03114967417505698e-01 5.80049942686585052e-01 8.13370870142761555e-03 2.59626543635417192e-03 none 2.13798689307582768e+00 -3.40495267452067395e-04 -3.83120774298280481e-02 -4.04698181158553701e-04 9.29402025185250224e-04 7.16260823593641829e-05 3.22698973176513448e-04 2.29541273730195930e-05 6.05682802179775858e-05 -2.80225873974843520e-05 1.93595670839148627e-04
832 2.63437499999998392e+00 origin 1 0.00000000000000000e+00 0.00000000000000000e+00 4.93589696886100326e-02 4.69525262346405157e+01 9.66483745394544513e-01 1.00171029196340378e+00 5.08971588991876001e-01 6.08006916814277543e-01 5.83481999932289996e-01 1.50430803260025291e-02 4.80178046422519416e-03 none 2.15532840216931376e+00 1.23202284932823000e-14 -3.98125209830472379e-02 3.20001387798914011e-15 5.53868854408513778e-04 1.58006149381703977e-15 -2.55832349876357703e-05 3.05173604634794703e-16 -1.09031534942646366e-04 8.31896325162541673e-16 1.18726022942610134e-04
832 2.63437499999998392e+00 plus 1 -4.12014472734083693e-04 1.53846153846153855e-02 4.93589696886099702e-02 4.69594678026471186e+01 9.66555186329005833e-01 1.00177677873044102e+00 5.08991250936777107e-01 6.08294401389219308e-01 5.83176632854850108e-01 1.50562470863948080e-02 4.80758767088497203e-03 none 2.15634750845317624e+00 1.53294108263101690e-04 -3.98184736601823464e-02 6.41785375998930202e-04 5.63640982147040038e-04 3.30224832485623786e-05 -2.18044258525112506e-05 1.93720698912147641e-05 -1.04800260189620310e-04 8.82773117692494198e-06 1.21615881769133912e-04
832 2.63437499999998392e+00 minus 1 4.12014472745607352e-04 -1.53846153846153855e-02 4.93589696886101020e-02 4.69594678026469907e+01 9.66555186329004501e-01 1.00177677873043991e+00 5.08991250936776884e-01 6.08294401389214201e-01 5.83176632854855881e-01 1.50562470863954811e-02 4.80758767088516285e-03 none 2.15634750845315848e+00 -1.53294108262281464e-04 -3.98184736601823047e-02 -6.41785375992519531e-04 5.63640982146950808e-04 -3.30224832452690264e-05 -2.18044258524206791e-05 -1.93720698905705955e-05 -1.04800260189544226e-04 -8.82773117531659751e-06 1.21615881769135105e-04
864 2.73437499999997824e+00 origin 1 0.00000000000000000e+00 0.00000000000000000e+00 5.08990433475697140e-02 4.69466962027677965e+01 9.66423740040051493e-01 1.00166641586140881e+00 5.09043056026262875e-01 6.13947060871751993e-01 5.89935981446078173e-01 1.60611907409133024e-02 5.18172210610626845e-03 none 2.17638566458852178e+00 1.63700021290735698e-14 -4.01381980282952966e-02 -5.44181668164260222e-16 7.13736176101648317e-04 1.33375905680211583e-15 1.15009326227232588e-04 6.18232550197274513e-16 8.31062939911146424e-05 5.30970120882462709e-16 3.22077656974681999e-04
864 2.73437499999997824e+00 plus 1 -3.74088692572869782e-04 1.53846153846153855e-02 5.08990433475695961e-02 4.69602174382957287e+01 9.66562901081390313e-01 1.00179541575025732e+00 5.09077635229040149e-01 6.14501428762177504e-01 5.90181640352790637e-01 1.61798660993766052e-02 5.22398333332511032e-03 none 2.17835084759292830e+00 1.29668186261606988e-04 -4.01114388239558056e-02 5.92867343730871200e-04 7.25043953030444794e-04 -5.38498168347865426e-05 1.43541243224555663e-04 -4.10960369222785018e-05 1.01348919027244435e-04 -1.56161539775247622e-05 3.29629464453224698e-04
864 2.73437499999997824e+00 minus 1 3.74088692588383522e-04 -1.53846153846153855e-02 5.08990433475698251e-02 4.69602174382957003e+01 9.66562901081389980e-01 1.00179541575025710e+00 5.09077635229039815e-01 6.14501428762175173e-01 5.90181640352793191e-01 1.61798660993767301e-02 5.22398333332514155e-03 none 2.17835084759291986e+00 -1.29668186261088414e-04 -4.01114388239546607e-02 -5.92867343732005167e-04 7.25043953030222533e-04 5.38498168372356537e-05 1.43541243224648904e-04 4.10960369236568752e-05 1.01348919027324680e-04 1.56161539784258935e-05 3.29629464453191250e-04
896 2.83437499999997256e+00 origin 1 0.00000000000000000e+00 0.00000000000000000e+00 5.23314098734261809e-02 4.70129305839517926e+01 9.67105235462516366e-01 1.00227869944835257e+00 5.09068817966191300e-01 6.22163765866867724e-01 6.01751970822712035e-01 2.29160898323992820e-02 7.41954781692047774e-03 none 2.20551312540921618e+00 8.04192782086406588e-15 -3.74599865266154186e-02 8.38092311579148618e-16 1.82753845575995633e-03 -1.14918942819607878e-15 7.27920242226769631e-04 4.21926854488766275e-16 3.46434400737336066e-04 -6.03572999452895002e-16 4.11891789212727184e-04
896 2.83437499999997256e+00 plus 1 -8.39577254768844247e-04 1.53846153846153855e-02 5.23314098734260075e-02 4.70240188029637380e+01 9.67219276879466849e-01 1.00238224527717423e+00 5.09081001678293288e-01 6.22632969387146518e-01 6.01772201556572850e-01 2.29452592419033680e-02 7.43438993591277221e-03 none 2.20717640858197051e+00 3.55114829202207401e-04 -3.73756035574477549e-02 3.00708302147851614e-04 1.78415248204215121e-03 1.22547748402984141e-06 7.19738650231753247e-04 2.19673776639930266e-05 3.40182039444499767e-04 3.34497928015822885e-05 4.17134977983683668e-04
896 2.83437499999997256e+00 minus 1 8.39577254777130045e-04 -1.53846153846153855e-02 5.23314098734263544e-02 4.70240188029637736e+01 9.67219276879467293e-01 1.00238224527717468e+00 5.09081001678293399e-01 6.22632969387148183e-01 6.01772201556573849e-01 2.29452592419029204e-02 7.43438993591262042e-03 none 2.20717640858197539e+00 -3.55114829203193104e-04 -3.73756035574461243e-02 -3.00708302145585903e-04 1.78415248204202262e-03 -1.22547748627557097e-06 7.19738650231659355e-04 -2.19673776632795301e-05 3.40182039444506272e-04 -3.34497928027355815e-05 4.17134977983664912e-04
928 2.93437499999996687e+00 origin 0 0.00000000000000000e+00 0.00000000000000000e+00 5.43711151328930553e-02 4.69243755570443994e+01 9.66193971299508680e-01 1.00145273560490544e+00 5.08980828580132272e-01 6.25756196863359593e-01 6.01166893282686798e-01 3.55784820978178040e-02 1.14495325019104959e-02 iteration_limit 2.21824796171690553e+00 3.98966253140514169e-15 -4.12492610128659537e-02 3.43836411274411042e-15 3.30631472377917936e-04 8.25113845300137523e-16 1.83430830796338568e-04 9.09335964874288346e-16 1.99599906283886246e-04 -6.80171882688578405e-16 5.30018949664308936e-04
928 2.93437499999996687e+00 plus 0 1.53846153846153855e-02 1.53846153846153855e-02 5.43711151328929859e-02 4.69400893694434700e+01 9.66355734985974046e-01 1.00160154890404485e+00 5.09012713554626628e-01 6.26042760150315569e-01 5.86549746015786133e-01 3.52181691574410607e-02 1.13412922926074324e-02 iteration_limit 2.21926380211989205e+00 -3.29366860250290272e-02 -4.07005794859529868e-02 1.13648350354152205e-03 3.93567134370542953e-04 7.37593795888914215e-06 2.18230507232085384e-04 -6.98669803565595075e-05 2.15820952205692689e-04 -4.51443054731116633e-05 5.21739751857017413e-04
928 2.93437499999996687e+00 minus 0 -1.53846153846153855e-02 -1.53846153846153855e-02 5.43711151328931247e-02 4.69400893694435837e+01 9.66355734985975268e-01 1.00160154890404596e+00 5.09012713554627183e-01 6.26042760150320010e-01 5.86549746015775697e-01 3.52181691574345312e-02 1.13412922926062094e-02 iteration_limit 2.21926380211990804e+00 3.29366860250411703e-02 -4.07005794859587461e-02 -1.13648350353447755e-03 3.93567134371198841e-04 -7.37593795769267932e-06 2.18230507231661678e-04 6.98669803576780518e-05 2.15820952206213784e-04 4.51443054722035355e-05 5.21739751857251818e-04
960 3.03437499999996119e+00 origin 0 0.00000000000000000e+00 0.00000000000000000e+00 5.58518907944013376e-02 4.69369324205879295e+01 9.66323238382659988e-01 1.00159670213720919e+00 5.09190376027235381e-01 6.31838889690385375e-01 6.10136199851800898e-01 3.43981459170794313e-02 1.11960590171107013e-02 iteration_limit 2.23981054636718069e+00 -3.32794362708483601e-14 -4.00030681144907876e-02 -1.18233284951574644e-14 1.32140676412563604e-03 -6.33829167981127803e-15 9.66105116224983827e-04 -4.39678864415360081e-15 7.67411158171445954e-04 -3.78789029385041199e-15 8.25308715925482926e-04
960 3.03437499999996119e+00 plus 0 1.53846153846153855e-02 1.53846153846153855e-02 5.58518907944012405e-02 4.69504549317966280e+01 9.66462427025016946e-01 1.00173049538246861e+00 5.09260087341777745e-01 6.32201814553840613e-01 5.95035659291930696e-01 3.49100245284489005e-02 1.13590222372327212e-02 iteration_limit 2.24109708151082154e+00 -3.38463873092133619e-02 -3.93209102031536195e-02 6.98975803919569378e-04 1.43054659267254276e-03 -1.78986698579187617e-04 9.44907328628640940e-04 -7.71484977582620717e-05 7.17469974327739350e-04 3.96801697743532261e-05 7.84693772825374161e-04
960 3.03437499999996119e+00 minus 0 -1.53846153846153855e-02 -1.53846153846153855e-02 5.58518907944014348e-02 4.69504549317966138e+01 9.66462427025016724e-01 1.00173049538246839e+00 5.09260087341777523e-01 6.32201814553840391e-01 5.95035659292005303e-01 3.49100245284385963e-02 1.13590222372321331e-02 iteration_limit 2.24109708151082021e+00 3.38463873091395667e-02 -3.93209102031582408e-02 -6.98975803946710644e-04 1.43054659267299747e-03 1.78986698566837416e-04 9.44907328628154458e-04 7.71484977491863102e-05 7.17469974327714197e-04 -3.96801697817257399e-05 7.84693772825407012e-04
992 3.13437499999995550e+00 origin 0 0.00000000000000000e+00 0.00000000000000000e+00 5.82153441923023846e-02 4.70381721740003726e+01 9.67364823599388246e-01 1.00258672670701543e+00 5.09629393211377346e-01 6.41424094771185338e-01 6.22156775392230355e-01 4.62693578055387023e-02 1.51554459752961616e-02 iteration_limit 2.27378921368154518e+00 -5.03348013058873403e-14 -3.69913221428959174e-02 -2.15645213173316166e-14 2.32270212160235346e-03 -9.18314054967886840e-15 1.18792083398552850e-03 -7.59437208040007002e-15 8.84188178476226472e-04 -5.74281013295433212e-15 9.38702201197592033e-04
992 3.13437499999995550e+00 plus 0 1.53846153846153855e-02 1.53846153846153855e-02 5.82153441923023637e-02 4.70246102411629820e+01 9.67225359394777606e-01 1.00246365063890708e+00 5.09640486390608660e-01 6.40867365701955460e-01 6.07626719703701079e-01 4.60289209999973220e-02 1.50517225966000662e-02 iteration_limit 2.27181566051621076e+00 -3.16728753797550500e-02 -3.71920084711484383e-02 1.51178156555640620e-03 2.28617590261365666e-03 2.58441183196781896e-04 1.21766256524220460e-03 1.12534507938013214e-04 9.19726770834664378e-04 2.13232900878742902e-05 9.52572026111310867e-04
992 3.13437499999995550e+00 minus 0 -1.53846153846153855e-02 -1.53846153846153855e-02 5.82153441923024054e-02 4.70246102411630176e+01 9.67225359394777939e-01 1.00246365063890708e+00 5.09640486390607772e-01 6.40867365701954128e-01 6.07626719703781015e-01 4.60289209999621696e-02 1.50517225965912868e-02 iteration_limit 2.27181566051620631e+00 3.16728753796500853e-02 -3.71920084711488200e-02 -1.51178156560208233e-03 2.28617590261157716e-03 -2.58441183215710982e-04 1.21766256524125831e-03 -1.12534507953099806e-04 9.19726770833759612e-04 -2.13232900994056646e-05 9.52572026111056513e-04
1024 3.23437499999994982e+00 origin 0 0.00000000000000000e+00 0.00000000000000000e+00 5.99528870225918553e-02 4.68233917822795007e+01 9.65153760708508446e-01 1.00054367177806514e+00 5.09125176626888165e-01 6.40039088420827129e-01 6.16417599465116095e-01 6.05943831742259825e-02 1.94782538573135371e-02 iteration_limit 2.26887949400310429e+00 -5.41462502026344371e-14 -4.32321851380137664e-02 -2.20814358163338187e-14 9.75649521142522998e-04 -1.10800178709326309e-14 1.00634034186596142e-03 -7.16512371759634248e-15 1.12616169482227186e-03 -5.25190674567940130e-15 1.25973231852108056e-03
1024 3.23437499999994982e+00 plus 0 1.53846153846153855e-02 1.53846153846153855e-02 5.99528870225918623e-02 4.68345554552483279e+01 9.65268810242402409e-01 1.00065740466929221e+00 5.09206024098869947e-01 6.40097746003734480e-01 6.00998742527446783e-01 6.08117460150159189e-02 1.95728597907339485e-02 iteration_limit 2.26908742972052124e+00 -3.35262342533028668e-02 -4.29073669346229994e-02 7.74097668128167007e-04 1.04567501744989139e-03 -2.06711160372902261e-04 1.00700377224795029e-03 -1.18962043446643314e-04 1.10913867975029334e-03 -3.30044501844740405e-05 1.24661451346144746e-03
1024 3.23437499999994982e+00 minus 0 -1.53846153846153855e-02 -1.53846153846153855e-02 5.99528870225918484e-02 4.68345554552484487e+01 9.65268810242403630e-01 1.00065740466929309e+00 5.09206024098869392e-01 6.40097746003740586e-01 6.00998742527555141e-01 6.08117460150198880e-02 1.95728597907391631e-02 iteration_limit 2.26908742972054434e+00 3.35262342532000254e-02 -4.29073669346208483e-02 -7.74097668168960114e-04 1.04567501745058311e-03 2.06711160349931704e-04 1.00700377224847070e-03 1.18962043432850690e-04 1.10913867975060256e-03 3.30044501737821198e-05 1.24661451346181457e-03
1056 3.33437499999994413e+00 origin 0 0.00000000000000000e+00 0.00000000000000000e+00 6.24483062477603629e-02 4.69787923911962011e+01 9.66754042501684951e-01 1.00197416870154643e+00 5.09136612430531987e-01 6.51016372725480408e-01 6.31626476173994145e-01 5.81867211141725640e-02 1.90720850109414516e-02 iteration_limit 2.30779295367963933e+00 3.54954567612346724e-14 -3.78351797679363847e-02 1.48300299189685605e-14 3.25575811276046772e-03 4.85888385574852554e-15 2.10815406971163371e-03 4.68486263292794450e-15 1.64130156315446681e-03 4.26110030704293015e-15 1.45473961973492227e-03
1056 3.33437499999994413e+00 plus 0 1.53846153846153855e-02 1.53846153846153855e-02 6.24483062477604045e-02 4.69961508933920626e+01 9.66932632152826099e-01 1.00213342582244724e+00 5.09134566655656040e-01 6.51505672584355877e-01 6.15492040899427550e-01 5.84011655500276672e-02 1.91384914299857142e-02 iteration_limit 2.30952747651786128e+00 -3.67191708034703759e-02 -3.72335079005424383e-02 2.18038417533806102e-04 3.19837791485497701e-03 -6.14787544733551527e-05 2.04109960980357417e-03 1.26236539267689831e-04 1.61272878955655372e-03 1.33791231393122809e-04 1.45553065843114556e-03
1056 3.33437499999994413e+00 minus 0 -1.53846153846153855e-02 -1.53846153846153855e-02 6.24483062477603212e-02 4.69961508933922474e+01 9.66932632152827987e-01 1.00213342582244924e+00 5.09134566655657372e-01 6.51505672584359985e-01 6.15492040899382142e-01 5.84011655500777660e-02 1.91384914299972016e-02 iteration_limit 2.30952747651787593e+00 3.67191708035421033e-02 -3.72335079005349512e-02 -2.18038417501081248e-04 3.19837791485968592e-03 6.14787544838852766e-05 2.04109960980616238e-03 -1.26236539256930019e-04 1.61272878955810023e-03 -1.33791231384374789e-04 1.45553065843273609e-03
1088 3.43437499999993845e+00 origin 0 0.00000000000000000e+00 0.00000000000000000e+00 6.45705779635679239e-02 4.68959320826923758e+01 9.65901094953715567e-01 1.00111892381153589e+00 5.08450095571742589e-01 6.54551222359979645e-01 6.34107450990424981e-01 6.92148639071387128e-02 2.26202436971126679e-02 iteration_limit 2.32032366937371926e+00 4.10832576965138065e-14 -3.91618828299362329e-02 2.50227683536035470e-14 2.90120230034772789e-03 1.01649010612598556e-14 2.15028838380400007e-03 7.75200413354804292e-15 1.88417671085646440e-03 7.04827658607731030e-15 1.77093881995366736e-03
1088 3.43437499999993845e+00 plus 0 1.53846153846153855e-02 1.53846153846153855e-02 6.45705779635680488e-02 4.68897999805655061e+01 9.65837942378097614e-01 1.00106079855733054e+00 5.08437464121597515e-01 6.54161717145359756e-01 6.21756140279537295e-01 6.94635200195454355e-02 2.26569292382161371e-02 iteration_limit 2.31894290933851721e+00 -2.84224619843269390e-02 -3.92201382909445201e-02 2.04985474735889985e-03 2.88906879188452871e-03 2.32701242812237581e-04 2.18287379710714038e-03 1.77073556176809615e-05 1.88817140534326949e-03 -4.03718756694703288e-05 1.76584628063079156e-03
1088 3.43437499999993845e+00 minus 0 -1.53846153846153855e-02 -1.53846153846153855e-02 6.45705779635677990e-02 4.68897999805654635e+01 9.65837942378097059e-01 1.00106079855733010e+00 5.08437464121598404e-01 6.54161717145357313e-01 6.21756140279470682e-01 6.94635200195720115e-02 2.26569292382190340e-02 iteration_limit 2.31894290933850922e+00 2.84224619844174776e-02 -3.92201382909575583e-02 -2.04985474731204410e-03 2.88906879188188630e-03 -2.32701242791475110e-04 2.18287379710460552e-03 -1.77073556021175103e-05 1.88817140534136303e-03 4.03718756830582349e-05 1.76584628062933721e-03
1120 3.53437499999993276e+00 origin 0 0.00000000000000000e+00 0.00000000000000000e+00 6.72407471407380497e-02 4.67668009116884136e+01 9.64570340727528897e-01 9.99884108298548235e-01 5.08109024075046101e-01 6.55466693514578758e-01 6.32898212143291339e-01 9.17474672507252592e-02 2.93198002835068153e-02 iteration_limit 2.32356893012044274e+00 2.14018866991691466e-14 -4.24881909831408069e-02 1.67841025552631224e-14 2.75955103434102553e-03 8.56522596973853332e-15 2.54773346960330931e-03 6.99738463742789542e-15 2.40566012512508087e-03 5.34650296294359095e-15 2.15124521841318422e-03
1120 3.53437499999993276e+00 plus 0 1.53846153846153855e-02 1.53846153846153855e-02 6.72407471407381191e-02 4.67801220347934006e+01 9.64707705750779687e-01 1.00000977117959522e+00 5.08131191936363136e-01 6.55616982983158514e-01 6.16172135146112687e-01 9.15961279270756101e-02 2.93156142327243505e-02 iteration_limit 2.32410169241511344e+00 -3.69015672183147167e-02 -4.21941719713452568e-02 1.79335317204552999e-05 2.73867840087849016e-03 -3.33441674209658339e-04 2.56430318194028053e-03 -7.37346601459226632e-05 2.40895531362084366e-03 2.16394396369475513e-05 2.14319595568698406e-03
1120 3.53437499999993276e+00 minus 0 -1.53846153846153855e-02 -1.53846153846153855e-02 6.72407471407379664e-02 4.67801220347932727e+01 9.64707705750778355e-01 1.00000977117959411e+00 5.08131191936362914e-01 6.55616982983153074e-01 6.16172135146048627e-01 9.15961279270584156e-02 2.93156142327150697e-02 iteration_limit 2.32410169241509346e+00 3.69015672183754112e-02 -4.21941719713557900e-02 -1.79335316898953811e-05 2.73867840087774032e-03 3.33441674226565496e-04 2.56430318194027403e-03 7.37346601591100446e-05 2.40895531362168586e-03 -2.16394396260212870e-05 2.14319595568656686e-03
1152 3.63437499999992708e+00 origin 0 0.00000000000000000e+00 0.00000000000000000e+00 6.99075551008336432e-02 4.70203404244693814e+01 9.67181446550876678e-01 1.00236505654150698e+00 5.09203372289831480e-01 6.70617550764366244e-01 6.53263273362276853e-01 7.77099773368292862e-02 2.57241512457200214e-02 iteration_limit 2.37727732067425368e+00 2.71920772938812228e-14 -3.38065613160893966e-02 1.68384782291564680e-15 5.52967753413338009e-03 1.21986336759985801e-15 3.69825256833211961e-03 -6.62933651691604965e-16 2.82544882296922222e-03 -1.87274107838030876e-15 2.23648351956402813e-03
1152 3.63437499999992708e+00 plus 0 1.53846153846153855e-02 1.53846153846153855e-02 6.99075551008337542e-02 4.69780163573347238e+01 9.66746057654344404e-01 1.00196156874012732e+00 5.09096387198433864e-01 6.69079930952721447e-01 6.36842609363586942e-01 7.82306991105829325e-02 2.58028216256430444e-02 iteration_limit 2.37182660036149828e+00 -3.26104781447241407e-02 -3.46842120149863167e-02 1.18591930242591408e-03 5.33085025513834604e-03 8.41106689596919681e-05 3.74011132377470362e-03 2.72860837403099601e-05 2.92709747434000394e-03 -1.43613571862423926e-05 2.31715606503267836e-03
1152 3.63437499999992708e+00 minus 0 -1.53846153846153855e-02 -1.53846153846153855e-02 6.99075551008335322e-02 4.69780163573348588e+01 9.66746057654345847e-01 1.00196156874012887e+00 5.09096387198434863e-01 6.69079930952726998e-01 6.36842609363562406e-01 7.82306991105807259e-02 2.58028216256474194e-02 iteration_limit 2.37182660036151649e+00 3.26104781447828576e-02 -3.46842120149837771e-02 -1.18591930242033954e-03 5.33085025513914228e-03 -8.41106689584371532e-05 3.74011132377325859e-03 -2.72860837403372922e-05 2.92709747434036736e-03 1.43613571833931347e-05 2.31715606503305003e-03
1184 3.73437499999992140e+00 origin 0 0.00000000000000000e+00 0.00000000000000000e+00 7.26212104421351673e-02 4.67352401498811361e+01 9.64244813729920658e-01 9.99750953860848890e-01 5.09259703051727297e-01 6.66340392672325921e-01 6.44065749784782926e-01 9.21399014333325328e-02 2.96761666297197454e-02 iteration_limit 2.36211519001191661e+00 1.92714680311908411e-14 -4.17137566706145546e-02 7.23236612062493830e-15 4.13443892651210992e-03 1.17368176341874789e-15 3.67847181829791380e-03 -1.07694283844829638e-15 3.24857331654689746e-03 -3.12808068204899127e-15 2.71610659145718860e-03
1184 3.73437499999992140e+00 plus 0 1.53846153846153855e-02 1.53846153846153855e-02 7.26212104421351812e-02 4.67441935963585777e+01 9.64337173380308665e-01 9.99832633304167495e-01 5.09254438977667867e-01 6.66563820089654091e-01 6.31649302376372956e-01 9.20079584674800138e-02 2.96199623185775009e-02 iteration_limit 2.36290721958440031e+00 -3.01509994041203322e-02 -4.12441521302626055e-02 1.76346180746145319e-03 4.09363653726485966e-03 1.79817299944557693e-04 3.63732823453591283e-03 2.91232346463967534e-05 3.23369231391217645e-03 -2.06253726595412430e-05 2.70727232688915435e-03
1184 3.73437499999992140e+00 minus 0 -1.53846153846153855e-02 -1.53846153846153855e-02 7.26212104421351534e-02 4.67441935963582011e+01 9.64337173380304780e-01 9.99832633304163942e-01 5.09254438977666646e-01 6.66563820089641657e-01 6.31649302376333099e-01 9.20079584674476508e-02 2.96199623185727338e-02 iteration_limit 2.36290721958435546e+00 3.01509994041525287e-02 -4.12441521302600658e-02 -1.76346180744410466e-03 4.09363653726369740e-03 -1.79817299942105498e-04 3.63732823453828203e-03 -2.91232346491262087e-05 3.23369231391328798e-03 2.06253726531299015e-05 2.70727232689082012e-03
1216 3.83437499999991571e+00 origin 0 0.00000000000000000e+00 0.00000000000000000e+00 7.57252594156044984e-02 4.69032228381121428e+01 9.65976174759645922e-01 1.00142283519350439e+00 5.10188067929247757e-01 6.77094578450363360e-01 6.57535225526224232e-01 1.03656033280719082e-01 3.31785459403833791e-02 iteration_limit 2.40023778600318982e+00 -7.36146564111403908e-14 -3.71470837637653400e-02 -1.24125548108005250e-14 6.09764355026842959e-03 -1.34211150786208131e-14 4.55402755560461482e-03 -1.07961115222231993e-14 3.68968437653510641e-03 -8.80744031109704612e-15 2.76678568955440263e-03
1216 3.83437499999991571e+00 plus 0 1.53846153846153855e-02 1.53846153846153855e-02 7.57252594156045539e-02 4.68758601587926833e+01 9.65694365208028316e-01 1.00116122680586495e+00 5.10114079490188166e-01 6.76238798203381175e-01 6.40667692601007865e-01 1.04149446741743562e-01 3.32783679691640577e-02 iteration_limit 2.39720412401460337e+00 -3.54339693378020459e-02 -3.75409010593008366e-02 6.24871468343564059e-04 5.86652889709431049e-03 -8.97838156733760145e-05 4.47326242932927047e-03 -1.01046696799485547e-05 3.69373395145047335e-03 -5.70635893707482829e-05 2.78765399225794309e-03
1216 3.83437499999991571e+00 minus 0 -1.53846153846153855e-02 -1.53846153846153855e-02 7.57252594156044428e-02 4.68758601587934436e+01 9.65694365208036087e-01 1.00116122680587183e+00 5.10114079490187056e-01 6.76238798203406155e-01 6.40667692601112115e-01 1.04149446741692991e-01 3.32783679691523865e-02 iteration_limit 2.39720412401469263e+00 3.54339693376581749e-02 -3.75409010592802975e-02 -6.24871468364537517e-04 5.86652889709404334e-03 8.97838156479453884e-05 4.47326242932964257e-03 1.01046696580899818e-05 3.69373395144908081e-03 5.70635893537772934e-05 2.78765399225775097e-03
1248 3.93437499999991003e+00 origin 0 0.00000000000000000e+00 0.00000000000000000e+00 7.88619602469587400e-02 4.68261041106955958e+01 9.65181714429524162e-01 1.00070166311144249e+00 5.10098587886778754e-01 6.81363362478678347e-01 6.61467734778272920e-01 9.28699088794195521e-02 3.05330840249610630e-02 iteration_limit 2.41537023138253071e+00 -4.09238643048227855e-14 -3.69804696216618836e-02 -2.33336901041806393e-14 7.11987442446037136e-03 -2.23729038363587423e-14 5.39439372346530322e-03 -1.72611193952472117e-14 4.30296834589310832e-03 -1.18708969314765254e-14 3.08718017063831871e-03
1248 3.93437499999991003e+00 plus 0 1.53846153846153855e-02 1.53846153846153855e-02 7.88619602469586151e-02 4.68349079450149759e+01 9.65272442675059961e-01 1.00077612714574604e+00 5.10051157359304397e-01 6.81523540872759126e-01 6.48986529502914689e-01 9.31103488296924908e-02 3.05757570092964406e-02 iteration_limit 2.41593804900537057e+00 -3.05378564454136352e-02 -3.65649080903141313e-02 1.65336214484900781e-03 7.04947917611823110e-03 1.58168319933078112e-04 5.33100754238836384e-03 2.89255151302386989e-05 4.28560331532830321e-03 -8.78802698293248779e-05 3.08803328248192328e-03
1248 3.93437499999991003e+00 minus 0 -1.53846153846153855e-02 -1.53846153846153855e-02 7.88619602469588787e-02 4.68349079450146490e+01 9.65272442675056630e-01 1.00077612714574316e+00 5.10051157359304730e-01 6.81523540872752354e-01 6.48986529502947773e-01 9.31103488296361609e-02 3.05757570092839090e-02 iteration_limit 2.41593804900534748e+00 3.05378564453002155e-02 -3.65649080903229645e-02 -1.65336214490338618e-03 7.04947917612054956e-03 -1.58168319977906483e-04 5.33100754239040301e-03 -2.89255151637818812e-05 4.28560331532979160e-03 8.78802698055212869e-05 3.08803328248244977e-03
1280 4.03437499999990479e+00 origin 0 0.00000000000000000e+00 0.00000000000000000e+00 8.25765832167003611e-02 4.67657111322456061e+01 9.64559102252459555e-01 1.00001794464036609e+00 5.09161607335297361e-01 6.84014046474492932e-01 6.63193439001066309e-01 1.01875434478018140e-01 3.32086404609899105e-02 iteration_limit 2.42476666149436149e+00 -2.06078620903572602e-13 -3.86414005526832735e-02 -6.58566402542995068e-14 7.21469156183165636e-03 -2.69829957807027828e-14 5.58421901080814048e-03 -1.54427589654876859e-14 4.48128421507107844e-03 -1.04804193298682130e-14 3.25018424341334518e-03
1280 4.03437499999990479e+00 plus 0 1.53846153846153855e-02 1.53846153846153855e-02 8.25765832166998892e-02 4.67930024774806483e+01 9.64840507959887517e-01 1.00025368261945058e+00 5.09049061230220534e-01 6.84940488174869855e-01 6.48622485488508316e-01 1.00672037829034194e-01 3.29057471779080207e-02 iteration_limit 2.42805081181330618e+00 -3.65026295588257860e-02 -3.77435277967028207e-02 5.60954141967674497e-04 7.21863176989040369e-03 5.31154781116484933e-05 5.53252098216805866e-03 1.05579907518413635e-04 4.47180084769150266e-03 -2.42731217020466130e-05 3.26085007211850868e-03
1280 4.03437499999990479e+00 minus 0 -1.53846153846153855e-02 -1.53846153846153855e-02 8.25765832167008051e-02 4.67930024774811741e+01 9.64840507959892957e-01 1.00025368261945591e+00 5.09049061230223976e-01 6.84940488174886175e-01 6.48622485488668188e-01 1.00672037829051500e-01 3.29057471779181862e-02 iteration_limit 2.42805081181336480e+00 3.65026295585341720e-02 -3.77435277967125005e-02 -5.60954142077079495e-04 7.21863176989489663e-03 -5.31154781616238574e-05 5.53252098216905353e-03 -1.05579907546002257e-04 4.47180084769167267e-03 2.42731216829876026e-05 3.26085007211848917e-03
1312 4.13437499999989910e+00 origin 0 0.00000000000000000e+00 0.00000000000000000e+00 8.59166070478222937e-02 4.69018152600599052e+01 9.65961680051376503e-01 1.00101426968931273e+00 5.07282024090514705e-01 6.94862749012793324e-01 6.76446534411209610e-01 1.17174534503997702e-01 3.78497866073954151e-02 iteration_limit 2.46322431067703862e+00 4.05620266155675144e-14 -3.27325709102128173e-02 9.94362062041191273e-15 8.96045571581178917e-03 1.95956651925128683e-15 6.51750354104244783e-03 1.63399017148993847e-15 5.04176175624982455e-03 2.82846102097255153e-15 3.59353377684541557e-03
1312 4.13437499999989910e+00 plus 0 1.53846153846153855e-02 1.53846153846153855e-02 8.59166070478215999e-02 4.69096165615887557e+01 9.66042012176637321e-01 1.00109097229813537e+00 5.07318194832290681e-01 6.94910975786702134e-01 6.62949833826213308e-01 1.17502335586607082e-01 3.79106113921641660e-02 iteration_limit 2.46339527013930182e+00 -3.20600954557916304e-02 -3.26502681742874765e-02 1.21531206783943163e-03 8.85936324129601646e-03 -6.11259069218503444e-05 6.52930411366377510e-03 -1.23102362675247379e-04 5.05126483731776089e-03 -1.74770824900679999e-04 3.57543932055633161e-03
1312 4.13437499999989910e+00 minus 0 -1.53846153846153855e-02 -1.53846153846153855e-02 8.59166070478229876e-02 4.69096165615901981e+01 9.66042012176652087e-01 1.00109097229814892e+00 5.07318194832293234e-01 6.94910975786749763e-01 6.62949833826239288e-01 1.17502335586653670e-01 3.79106113921726801e-02 iteration_limit 2.46339527013947102e+00 3.20600954558748000e-02 -3.26502681742510681e-02 -1.21531206781612367e-03 8.85936324129856824e-03 6.11259069277472658e-05 6.52930411366253131e-03 1.23102362679316065e-04 5.05126483731532187e-03 1.74770824906739903e-04 3.57543932055524871e-03
1344 4.23437499999989342e+00 origin 0 0.00000000000000000e+00 0.00000000000000000e+00 8.97651772731240527e-02 4.67482325897572295e+01 9.64378834889944803e-01 9.99395336274800594e-01 5.05777859268033647e-01 6.96073929298169358e-01 6.76301467132480516e-01 9.51876211502181019e-02 3.17991143240936025e-02 iteration_limit 2.46751783299895067e+00 6.19386434164950425e-15 -3.52621451729946411e-02 1.78449454123488182e-14 9.27388595600045496e-03 9.54484857130427179e-15 7.04242334074208724e-03 9.49686103141646372e-15 5.43130830224304931e-03 8.06240575288550012e-15 3.47375476828249005e-03
1344 4.23437499999989342e+00 plus 0 1.38461538461538469e-01 1.38461538461538469e-01 8.83588099471783045e-02 4.68031745830666637e+01 9.64945373278198626e-01 9.99936409148874605e-01 5.06033579181572102e-01 6.87514546526942771e-01 5.48900661615937202e-01 9.59012380529149916e-02 3.03318892709715411e-02 iteration_limit 2.43717561109048120e+00 -2.96043806562414635e-01 -1.76965983103529317e-02 1.08924135092144467e-02 8.51767948625122527e-03 9.63599490313510267e-04 6.73992786995659347e-03 3.98624836058044502e-04 4.78110369528612477e-03 -6.96836463524573373e-04 3.11908604311101787e-03
1344 4.23437499999989342e+00 minus 0 -1.38461538461538469e-01 -1.38461538461538469e-01 8.83588099471801086e-02 4.68031745830673316e+01 9.64945373278205620e-01 9.99936409148880045e-01 5.06033579181566440e-01 6.87514546526962533e-01 5.48900661615992047e-01 9.59012380531284875e-02 3.03318892709984259e-02 iteration_limit 2.43717561109055048e+00 2.96043806562344969e-01 -1.76965983103429536e-02 -1.08924135091961576e-02 8.51767948626213321e-03 -9.63599490299007545e-04 6.73992786995924846e-03 -3.98624836044408437e-04 4.78110369528954565e-03 6.96836463534920565e-04 3.11908604311136742e-03
1376 4.33437499999988773e+00 origin 0 0.00000000000000000e+00 0.00000000000000000e+00 9.36030145214701570e-02 4.68391087380618316e+01 9.65315731100537922e-01 1.00012892304944967e+00 5.05012015349484145e-01 7.03621626368703401e-01 6.84736989073217228e-01 8.51885495941830662e-02 2.84162619480513648e-02 iteration_limit 2.49427372247522294e+00 -1.43976983090844543e-13 -3.42268038927827922e-02 -3.95304999984532849e-14 9.15599169095730053e-03 -1.27575439266013485e-14 6.56004005043424668e-03 -5.49570870095008253e-15 4.93866110578706184e-03 -6.20157684313246712e-15 3.21686675342197073e-03
1376 4.33437499999988773e+00 plus 0 3.84615384615384637e-01 3.84615384615384637e-01 8.15523743223677683e-02 6.73198518459449673e+01 1.15727520438615827e+00 1.16005825353015002e+00 -1.85875156610144809e-01 1.38792790298189805e-01 3.45119721206982241e-02 3.10282891924476667e-01 1.46581103871387619e-01 coverage_or_radius 3.39195107730491829e-01 2.27930796549009496e-01 3.49990938868249002e-01 6.69796404880494411e-02 -1.58064377863965690e-02 -5.38771295374008714e-03 1.70331171513647857e-02 2.10178898027753788e-02 1.30646767165895680e-02 4.30515225082402173e-03 2.23897657690063853e-03
1376 4.33437499999988773e+00 minus 0 -3.84615384615384637e-01 -3.84615384615384637e-01 8.15523743220970126e-02 6.73198518459507085e+01 1.15727520438620779e+00 1.16005825353020087e+00 -1.85875156610199127e-01 1.38792790298230911e-01 3.45119721208900984e-02 3.10282891924482940e-01 1.46581103870506185e-01 coverage_or_radius 3.39195107726272926e-01 -2.27930796547046344e-01 3.49990938868147694e-01 -6.69796404880323021e-02 -1.58064377869864790e-02 5.38771295465268873e-03 1.70331171505974689e-02 -2.10178898023404906e-02 1.30646767163949858e-02 -4.30515225072996503e-03 2.23897657684452370e-03
1408 4.43437499999988205e+00 origin 0 0.00000000000000000e+00 0.00000000000000000e+00 9.73344799556989937e-02 4.68038959209086869e+01 9.64952809194004946e-01 9.99797995334420375e-01 5.04964912852059578e-01 7.08787847428603457e-01 6.90234402969920890e-01 9.54970330174901849e-02 3.13954190105666664e-02 iteration_limit 2.51258749929972147e+00 -2.15243325186761703e-14 -3.26007476401757867e-02 -2.33992739884168411e-14 1.07597641804538825e-02 -1.34281826502413235e-14 7.58260008603652783e-03 -1.19558447055022218e-14 5.67821047842477587e-03 -1.12971666922802249e-14 3.54274396666014657e-03
1408 4.43437499999988205e+00 plus 0 3.69230769230769251e-01 3.69230769230769251e-01 7.97077738863593288e-02 1.06740831083368690e+02 1.45723757914826457e+00 1.45841823470734022e+00 -1.70997631000384676e-01 1.79427539424981713e-01 8.24853510253068939e-02 1.25537949641856966e-01 7.90683516352597565e-02 coverage_or_radius 2.35274795755090110e-01 -1.72358759044309112e-01 1.70155325978470828e-01 4.85765209300624626e-02 -2.55486010935397157e-03 -1.23810615959472348e-02 -7.89459936351134990e-03 -1.43409748996882274e-03 1.48976839835326664e-03 -3.73675746005959212e-05 -8.56963220420013487e-04
1408 4.43437499999988205e+00 minus 0 -3.69230769230769251e-01 -3.69230769230769251e-01 7.97077738860139523e-02 1.06740831083353484e+02 1.45723757914816088e+00 1.45841823470723564e+00 -1.70997631000293498e-01 1.79427539425001809e-01 8.24853510253219929e-02 1.25537949641930130e-01 7.90683516355497884e-02 coverage_or_radius 2.35274795753600025e-01 1.72358759044826587e-01 1.70155325978891214e-01 -4.85765209307297552e-02 -2.55486010889837247e-03 1.23810615958238890e-02 -7.89459936358988257e-03 1.43409749007272010e-03 1.48976839831102071e-03 3.73675745899297571e-05 -8.56963220397790270e-04
1440 4.53437499999987637e+00 origin 0 0.00000000000000000e+00 0.00000000000000000e+00 1.01392953674547426e-01 4.66577224055231170e+01 9.63444806037720203e-01 9.98375393666747324e-01 5.04416613696130778e-01 7.09467068829587877e-01 6.89397785560460385e-01 8.53723177294844066e-02 2.91271516901903879e-02 iteration_limit 2.51499527647530741e+00 -1.26614330641646933e-13 -3.55555183244984294e-02 -2.18041096935294987e-14 1.03603612611436573e-02 -4.45313704975019788e-15 7.68642992980070241e-03 -3.03667038173582140e-15 5.84545176188973163e-03 -4.39685346850050618e-15 3.52669258103507693e-03
1440 4.53437499999987637e+00 plus 0 3.69230769230769251e-01 3.69230769230769251e-01 6.78045586274641648e-02 1.11100468519521044e+02 1.48669889119767973e+00 1.48858880080895073e+00 -2.22965676647327193e-01 1.80178360776462099e-01 8.64515330832175966e-02 1.40217453779986234e-01 7.54474283212431263e-02 coverage_or_radius 2.28611898203663205e-01 -1.77646795555024051e-01 1.63410041777526382e-01 4.65617502742450701e-02 -1.76303100886077797e-03 -1.05074296363581801e-02 -6.68697910618657691e-03 -5.55259635086823955e-04 2.79491520990780666e-03 1.48999829907880163e-03 7.81698056064774618e-04
1440 4.53437499999987637e+00 minus 0 -3.69230769230769251e-01 -3.69230769230769251e-01 6.78045586269657025e-02 1.11100468519523076e+02 1.48669889119769327e+00 1.48858880080896472e+00 -2.22965676647360972e-01 1.80178360776446528e-01 8.64515330831338163e-02 1.40217453780002721e-01 7.54474283216275410e-02 coverage_or_radius 2.28611898202452285e-01 1.77646795555109094e-01 1.63410041778280030e-01 -4.65617502750809917e-02 -1.76303100833708512e-03 1.05074296361907064e-02 -6.68697910620402909e-03 5.55259635119735345e-04 2.79491520991258669e-03 -1.48999829909641016e-03 7.81698056067921840e-04
1472 4.63437499999987068e+00 origin 0 0.00000000000000000e+00 0.00000000000000000e+00 1.05040968507003868e-01 4.67264717406187557e+01 9.64154354263571323e-01 9.99252426236147628e-01 5.06201392985381138e-01 7.16571270751773959e-01 6.97542436926741671e-01 7.04844218933480537e-02 2.39408973674193719e-02 iteration_limit 2.54017901658448331e+00 1.11891221748525022e-14 -3.41922082681569359e-02 1.16612172912803338e-15 1.03323919725608008e-02 -4.31798832829384699e-15 7.58162613398164712e-03 -4.88446083680850183e-15 5.36783312862628304e-03 -3.72470077134846682e-15 3.04145444790773246e-03
1472 4.63437499999987068e+00 plus 0 3.69230769230769251e-01 3.69230769230769251e-01 6.42969935846611634e-02 1.09092685289819215e+02 1.47320399635637811e+00 1.47517859941037210e+00 -2.24814700248111787e-01 1.78283571788491857e-01 7.93025880351709428e-02 1.38713090675002704e-01 8.01279953076710766e-02 coverage_or_radius 2.42186335938331387e-01 -1.60865934000597094e-01 1.72850932175034389e-01 4.88767714587058782e-02 -2.84602541022161261e-03 -9.44834791906070184e-03 -2.57599561594572648e-03 3.98219941556082844e-03 5.40847598949545458e-03 1.71487925958855301e-03 -2.92211643034321060e-04
1472 4.63437499999987068e+00 minus 0 -3.69230769230769251e-01 -3.69230769230769251e-01 6.42969935839821649e-02 1.09092685289823507e+02 1.47320399635640720e+00 1.47517859941040141e+00 -2.24814700248124971e-01 1.78283571788470874e-01 7.93025880350634871e-02 1.38713090675029210e-01 8.01279953079786639e-02 coverage_or_radius 2.42186335937175368e-01 1.60865934000655270e-01 1.72850932175770550e-01 -4.88767714594694480e-02 -2.84602540981551255e-03 9.44834791901015200e-03 -2.57599561604452982e-03 -3.98219941547372017e-03 5.40847598944800556e-03 -1.71487925955570255e-03 -2.92211643060122470e-04
1504 4.73437499999986500e+00 origin 0 0.00000000000000000e+00 0.00000000000000000e+00 1.09116931440234016e-01 4.66113781320231837e+01 9.62966200992859678e-01 9.98432436414045998e-01 5.07962346496749539e-01 7.18630579535461611e-01 6.98491807864229375e-01 8.20285286374063671e-02 2.73311841826361125e-02 iteration_limit 2.54747907615218594e+00 -5.88459060338315259e-15 -3.61739704779982657e-02 -1.05808382454755369e-14 1.02167127192598732e-02 -5.93491878521982559e-15 7.89339700909954742e-03 -4.04041505133028099e-15 5.52199374374149829e-03 -4.48277975167285833e-15 3.15672828354921463e-03
1504 4.73437499999986500e+00 plus 0 3.53846153846153866e-01 3.53846153846153866e-01 5.64411296953606090e-02 1.14758478556812761e+02 1.51097564192899991e+00 1.51442593624449939e+00 -3.08750055818478586e-01 1.31807977472689325e-01 4.25367228306364822e-02 1.44168529192103628e-01 2.58074206778863779e-01 coverage_or_radius 4.64140183552151919e-01 -1.07712313604661700e-01 -4.48369247980674596e-02 -2.13939186414515731e-01 -1.10202185003274097e-01 2.54629563169750418e-02 7.07741604470729507e-02 4.24998466088706561e-02 5.08929366198880573e-03 -1.36018129598903092e-02 -1.29720142020607609e-02
1504 4.73437499999986500e+00 minus 0 -3.53846153846153866e-01 -3.53846153846153866e-01 5.64411296946587468e-02 1.14758478556849070e+02 1.51097564192923883e+00 1.51442593624475363e+00 -3.08750055819242586e-01 1.31807977472571641e-01 4.25367228302482789e-02 1.44168529192438666e-01 2.58074206782084981e-01 coverage_or_radius 4.64140183561210784e-01 1.07712313599391901e-01 -4.48369247982547889e-02 2.13939186417235583e-01 -1.10202185005810749e-01 -2.54629563159548267e-02 7.07741604474086544e-02 -4.24998466096804528e-02 5.08929366256227669e-03 1.36018129597713627e-02 -1.29720142022757366e-02
1536 4.83437499999985931e+00 origin 0 0.00000000000000000e+00 0.00000000000000000e+00 1.12793971529914425e-01 4.66408246679455729e+01 9.63270327827678519e-01 9.99115147299084794e-01 5.10956040132766853e-01 7.24594766299639259e-01 7.04787242721112150e-01 9.10872293580417686e-02 3.18288041338302685e-02 iteration_limit 2.56862156774755857e+00 -3.63898365699492461e-13 -3.50905780744511786e-02 -1.24786496314648914e-13 1.10287045998254327e-02 -5.89424433111095703e-14 8.33619799740236214e-03 -3.69570708992493845e-14 5.81478319156965816e-03 -2.62608430057126810e-14 3.35242158990793236e-03
1536 4.83437499999985931e+00 plus 0 3.53846153846153866e-01 3.53846153846153866e-01 5.46881033815282830e-02 1.07767948269133512e+02 1.46423195199327405e+00 1.46800635042305982e+00 -3.08079909448358280e-01 1.28600810623153539e-01 3.70885876350773372e-02 1.56775358386261360e-01 3.37202009924463919e-01 coverage_or_radius 4.70286597681265073e-01 -1.79417087285917348e-01 -1.55696903685452664e-01 -2.89692561386715119e-01 -1.26097992222582500e-01 4.21365527135960649e-02 8.31077998215344338e-02 3.61338933155183131e-02 -1.34672407255832915e-02 -3.06756808324332685e-02 -1.89795546114960752e-02
1536 4.83437499999985931e+00 minus 0 -3.53846153846153866e-01 -3.53846153846153866e-01 5.46881033807442921e-02 1.07767948269173402e+02 1.46423195199354494e+00 1.46800635042333449e+00 -3.08079909448596811e-01 1.28600810623152623e-01 3.70885876348003504e-02 1.56775358387371805e-01 3.37202009928878332e-01 coverage_or_radius 4.70286597690754760e-01 1.79417087279640675e-01 -1.55696903684408805e-01 2.89692561388391501e-01 -1.26097992224154631e-01 -4.21365527136247572e-02 8.31077998227787440e-02 -3.61338933167635878e-02 -1.34672407250784817e-02 3.06756808325931406e-02 -1.89795546118798342e-02
1568 4.93437499999985363e+00 origin 0 0.00000000000000000e+00 0.00000000000000000e+00 1.16616035120776895e-01 4.65658951754356707e+01 9.62496259516733677e-01 9.98548395562221636e-01 5.11844791466538274e-01 7.27174240833263541e-01 7.06618658726291038e-01 7.97483285111872942e-02 2.78496328398817918e-02 iteration_limit 2.57776556688842806e+00 -2.86667790030090700e-13 -3.72383910556953052e-02 -7.21270599293953872e-14 1.06512650938919064e-02 -3.26707338843020135e-14 8.16859404223711956e-03 -1.82728366867723972e-14 5.59687597203365785e-03 -7.13329035660869597e-15 2.91778879107463867e-03
1568 4.93437499999985363e+00 plus 0 3.23076923076923095e-01 3.23076923076923095e-01 5.09875645126139643e-02 9.40242050507166880e+01 1.36768129529998306e+00 1.38625721108696220e+00 6.18681513314931708e-01 1.82015187483210106e-01 9.55574352781012604e-02 2.58304944519880453e-01 2.90803499180264602e-01 coverage_or_radius 2.58352258831062331e-01 -4.75164117021079468e-01 2.34489835061545207e-02 -5.81903993902518641e-03 1.54877975458062923e-03 1.43502152813718975e-02 -1.14767500116279408e-02 -2.58183913536848622e-02 -9.05651651988598726e-03 1.36275813815649582e-02 2.17774963212553074e-02
1568 4.93437499999985363e+00 minus 0 -3.23076923076923095e-01 -3.23076923076923095e-01 5.09875645119524865e-02 9.40242050507584963e+01 1.36768129530028704e+00 1.38625721108728062e+00 6.18681513315382126e-01 1.82015187483076379e-01 9.55574352777397301e-02 2.58304944521606739e-01 2.90803499182196223e-01 coverage_or_radius 2.58352258831447856e-01 4.75164117021168564e-01 2.34489835063898706e-02 5.81903993847091190e-03 1.54877975520158781e-03 -1.43502152816864948e-02 -1.14767500118202435e-02 2.58183913541700158e-02 -9.05651652024066361e-03 -1.36275813815277223e-02 2.17774963213344767e-02
