# 1:iter 2:time 3:mass 4:Sx 5:Sy 6:Sz 7:S 8:area 9:hrms 10:hmean 11:meanradius 12:minradius
4 4.5087 1.000007216467959e+00 3.983456987684420e-16 7.491973249669617e-15 5.230245476184450e-15 9.145699000658196e-15 5.026620793854163e+01 9.977848099635350e-07 -1.395837756408246e-03 3.225789571761847e-01 1.235445107529026e-01
4 4.60885 9.999334718488958e-01 1.375409553110744e-15 1.413579858428230e-15 2.191048780563756e-15 2.947991555916026e-15 5.025879454068695e+01 9.898842509298604e-07 -5.018242841562136e-03 3.240188515008433e-01 1.234515889412419e-01
4 4.70989 9.999700036744584e-01 -1.277937813516920e-15 2.544443745170813e-15 1.696295830113876e-15 3.314323244769134e-15 5.026246694311395e+01 9.974916372602683e-07 -8.889555097932029e-04 3.254888091136910e-01 1.232896283040559e-01
4 4.81086 1.000059149912470e+00 5.733021824560325e-16 7.633331235512441e-15 -2.049690794720933e-15 7.924497050123905e-15 5.027142903107639e+01 5.208267794671565e-07 5.017766201616342e-03 3.269143493309942e-01 1.230752426416047e-01
4 4.91138 1.000007311277615e+00 6.764211541173667e-16 2.968517702699282e-15 2.897838709777871e-15 4.203226393719897e-15 5.026621746991700e+01 9.969859979787778e-07 -1.299726368271942e-03 3.282155738739036e-01 1.229214136800256e-01
4 5.01146 9.999507669798369e-01 5.342274367792097e-16 1.554937844271053e-15 2.261727773485168e-15 2.796183680502439e-15 5.026053313625203e+01 6.590285824113408e-07 -5.025089575868094e-03 3.295556207395353e-01 1.228303588736347e-01
4 5.11275 9.999828515335311e-01 4.975047493658878e-16 4.240739575284689e-16 3.958023603599043e-15 4.011645615423007e-15 5.026375852033732e+01 1.000030761443176e-06 -4.741431694130660e-05 3.309866219393453e-01 1.227471887798145e-01
4 5.21362 1.000040246527589e+00 1.337801110800974e-15 3.816665617756221e-15 4.452776554048924e-15 6.015302759638172e-15 5.026952856110883e+01 9.971705192202392e-07 4.845808393869671e-03 3.323655943745026e-01 1.226384099861528e-01
4 5.31431 1.000037145781595e+00 1.515030083101814e-15 6.361109362927034e-15 -4.735492525734569e-15 8.073655797785130e-15 5.026921682805975e+01 9.988532511169638e-07 2.716862841626536e-03 3.336381977193282e-01 1.225310781699107e-01
4 5.41457 9.999801803047168e-01 1.534520133007343e-15 3.958023603599043e-15 9.188269079783492e-16 4.343379533505803e-15 5.026348998409085e+01 9.982870752632933e-07 -3.003937308945596e-03 3.348751916776156e-01 1.224741572051019e-01
4 5.51601 9.999572258647529e-01 2.156302741239664e-16 4.382097561127512e-15 2.473764752249402e-15 5.036743739741979e-15 5.026118242431396e+01 9.998153062226422e-07 -3.920578904691937e-03 3.361923945348576e-01 1.224686947094710e-01
4 5.61702 9.999986481339790e-01 1.045600520560976e-15 -5.654319433712919e-16 -3.039196695620694e-15 3.263389386183292e-15 5.026534655313303e+01 9.994894444909845e-07 7.390981523483171e-04 3.375513679016054e-01 1.224808819686483e-01
4 5.71763 1.000040932115954e+00 2.213622449164173e-15 5.937035405398565e-15 1.766974823035287e-15 6.578047869819760e-15 5.026959748676625e+01 9.981249581326720e-07 4.087641412890261e-03 3.388615901488329e-01 1.224933338767033e-01
4 5.81782 1.000023957579430e+00 5.975870877478283e-16 2.403085759327990e-15 7.986726200119498e-15 8.361801653340215e-15 5.026789096486448e+01 9.985951661379282e-07 1.689422430535097e-03 3.400883762582828e-01 1.225248711421631e-01
4 5.91921 9.999752312825279e-01 1.353009643760760e-15 6.785183320455502e-15 7.067899292141149e-16 6.954775322922781e-15 5.026299246520685e+01 9.979782227617062e-07 -2.710934235696661e-03 3.413152343630501e-01 1.226023682937482e-01
4 6.02019 9.999655872196016e-01 3.108797439399067e-16 4.099381589441866e-15 -3.463270653149163e-15 5.375483164145461e-15 5.026202296694420e+01 9.996818559582402e-07 -2.913138456773359e-03 3.425942073731800e-01 1.227263278127305e-01
4 6.12079 1.000002975122085e+00 9.658456775297291e-16 6.219751377084211e-15 7.774689221355263e-16 6.342130792598839e-15 5.026578154977555e+01 9.977071458111278e-07 7.269785217598112e-04 3.439046792640351e-01 1.228764223466446e-01
4 6.22101 1.000034692957944e+00 2.431179292025055e-15 3.109875688542105e-15 -1.979011801799522e-15 4.415704616459130e-15 5.026897023447415e+01 9.981860432570124e-07 3.147193855365511e-03 3.451779863356925e-01 1.230397965018132e-01
4 6.32241 1.000019237673166e+00 8.420305305158524e-16 5.371603462027273e-15 -2.897838709777871e-15 6.161218090237617e-15 5.026741645788539e+01 9.975523677358680e-07 1.356042330038377e-03 3.464092738805683e-01 1.232309611740147e-01
4 6.42344 9.999804452699842e-01 8.446991531014047e-16 7.774689221355264e-15 -1.130863886742584e-15 7.901782221641298e-15 5.026351662078044e+01 9.971844992540995e-07 -1.913249636534188e-03 3.476275023865264e-01 1.234656601798917e-01
4 6.52411 9.999704964608633e-01 2.539601743822020e-16 -4.523455546970335e-15 1.024845397360466e-14 1.120521997573819e-14 5.026251648193291e+01 9.977850074690478e-07 -2.380754843982885e-03 3.488832579168358e-01 1.237439464736217e-01
4 6.62442 9.999994626304286e-01 -1.130112351535176e-15 1.554937844271053e-15 3.463270653149163e-15 3.960963171200018e-15 5.026542843516967e+01 9.988251743707655e-07 2.062512075760855e-04 3.501660136493603e-01 1.240504308476785e-01
