time=0.0000, cycle=4

Searching for horizon 0
center = (0.000000, 0.000000, 0.000000)
r_mean = 0.500000
 iter      area            mass         meanradius       minradius        hmean            Sx              Sy              Sz             S
  0   5.0265461e+01   9.9999979e-01   5.0000000e-01   5.0000000e-01  -2.2790438e-02   1.5868757e-19  -1.9907450e-19   2.8062428e-20   2.5612478e-19
  1   5.0265461e+01   9.9999979e-01   5.0005825e-01   5.0005824e-01  -1.9862575e-02   1.8494591e-19  -1.9366293e-19  -3.2817056e-20   2.6979118e-19
  2   5.0265462e+01   9.9999980e-01   5.0010902e-01   5.0010901e-01  -1.7310832e-02   1.8309129e-19  -2.0047206e-19   1.7869245e-20   2.7208597e-19
  3   5.0265463e+01   9.9999981e-01   5.0015328e-01   5.0015326e-01  -1.5086896e-02   1.9330292e-19  -1.9659458e-19  -4.4883089e-21   2.7574552e-19
  4   5.0265465e+01   9.9999982e-01   5.0019185e-01   5.0019183e-01  -1.3148659e-02   1.9675542e-19  -2.0144566e-19   2.0358844e-20   2.8232523e-19
  5   5.0265466e+01   9.9999984e-01   5.0022547e-01   5.0022544e-01  -1.1459423e-02   1.7774734e-19  -1.9540501e-19  -1.3092833e-20   2.6447808e-19
  6   5.0265468e+01   9.9999985e-01   5.0025477e-01   5.0025474e-01  -9.9871994e-03   1.9083233e-19  -2.1677321e-19   1.2745498e-20   2.8908485e-19
  7   5.0265469e+01   9.9999987e-01   5.0028031e-01   5.0028028e-01  -8.7041118e-03   1.9308221e-19  -1.8602914e-19   7.9812192e-20   2.7974554e-19
  8   5.0265470e+01   9.9999988e-01   5.0030257e-01   5.0030254e-01  -7.5858628e-03   2.0126080e-19  -1.8561610e-19   1.4261221e-20   2.7415803e-19
  9   5.0265472e+01   9.9999989e-01   5.0032197e-01   5.0032194e-01  -6.6112765e-03   1.9651701e-19  -1.9710713e-19   4.9110179e-20   2.8263398e-19
 10   5.0265473e+01   9.9999990e-01   5.0033888e-01   5.0033884e-01  -5.7618971e-03   2.0787192e-19  -2.0564912e-19  -9.7749556e-21   2.9257110e-19
 11   5.0265474e+01   9.9999991e-01   5.0035361e-01   5.0035358e-01  -5.0216395e-03   1.9352962e-19  -1.9637658e-19   1.6724430e-20   2.7621944e-19
Found horizon 0 (hmean)
 mass_irr = 1.000000
 meanradius = 0.500354
 minradius = 0.500354
 hrms = 0.000000
 hmean = -0.005022
 Sx = 0.000000
 Sy = -0.000000
 Sz = 0.000000
 S  = 0.000000
