# Athena++ data at time=8.000000e+00  cycle=1025 
# gid   i       x1v         z4c_chi         z4c_gxx         z4c_gxy         z4c_gxz         z4c_gyy         z4c_gyz         z4c_gzz         z4c_Khat         z4c_Axx         z4c_Axy         z4c_Axz         z4c_Ayy         z4c_Ayz         z4c_Azz         z4c_Gamx         z4c_Gamy         z4c_Gamz         z4c_Theta         z4c_alpha         z4c_betax         z4c_betay         z4c_betaz     
00174 0004 -9.68750e+00  8.16307e-01  1.00888e+00 -4.43792e-04 -4.43792e-04  9.95591e-01  1.49009e-05  9.95591e-01 -1.76662e-03 -2.43983e-03  1.20849e-04  1.20849e-04  1.20374e-03 -4.15534e-06  1.20374e-03  1.07465e-03 -3.88246e-05 -3.88246e-05  1.35973e-05  9.10236e-01 -5.47058e-04  1.97610e-05  1.97610e-05
00174 0005 -9.06250e+00  8.04940e-01  1.01221e+00 -6.42673e-04 -6.42673e-04  9.93953e-01  2.27352e-05  9.93953e-01 -2.37472e-03 -3.42393e-03  1.78337e-04  1.78337e-04  1.68087e-03 -6.35504e-06  1.68087e-03  1.63100e-03 -6.05562e-05 -6.05562e-05  1.27211e-05  9.06242e-01 -7.35335e-04  2.63780e-05  2.63780e-05
00174 0006 -8.43750e+00  7.92001e-01  1.01685e+00 -9.45159e-04 -9.45159e-04  9.91682e-01  3.54851e-05  9.91682e-01 -3.13888e-03 -4.78253e-03  2.64683e-04  2.64683e-04  2.33160e-03 -9.95650e-06  2.33160e-03  2.18008e-03 -8.42343e-05 -8.42343e-05  1.35029e-06  9.02274e-01 -1.02398e-03  3.85127e-05  3.85127e-05
00174 0007 -7.81250e+00  7.77200e-01  1.02334e+00 -1.40649e-03 -1.40649e-03  9.88534e-01  5.66455e-05  9.88534e-01 -3.99538e-03 -6.59152e-03  3.91886e-04  3.91886e-04  3.18261e-03 -1.57895e-05  3.18261e-03  2.54520e-03 -1.04259e-04 -1.04259e-04 -7.93747e-06  8.98361e-01 -1.45409e-03  5.85499e-05  5.85499e-05
00174 0008 -7.18750e+00  7.60220e-01  1.03231e+00 -2.10704e-03 -2.10704e-03  9.84231e-01  9.19091e-05  9.84231e-01 -4.80909e-03 -8.94821e-03  5.76191e-04  5.76191e-04  4.26339e-03 -2.51401e-05  4.26339e-03  2.32269e-03 -1.02531e-04 -1.02531e-04 -1.10240e-05  8.94424e-01 -2.09842e-03  9.15050e-05  9.15050e-05
00174 0009 -6.56250e+00  7.40727e-01  1.04449e+00 -3.16292e-03 -3.16292e-03  9.78482e-01  1.50832e-04  9.78482e-01 -5.38251e-03 -1.19930e-02  8.41310e-04  8.41310e-04  5.61250e-03 -4.01425e-05  5.61250e-03  7.88917e-04 -3.83507e-05 -3.83507e-05 -1.07242e-05  8.90177e-01 -3.10438e-03  1.48023e-04  1.48023e-04
00174 0010 -5.93750e+00  7.18381e-01  1.06061e+00 -4.73926e-03 -4.73926e-03  9.71030e-01  2.49546e-04  9.71030e-01 -5.48594e-03 -1.59559e-02  1.22874e-03  1.22874e-03  7.29333e-03 -6.47270e-05  7.29333e-03 -3.21075e-03  1.68500e-04  1.68500e-04 -9.56056e-06  8.85037e-01 -4.75365e-03  2.50263e-04  2.50263e-04
00174 0011 -5.31250e+00  6.92816e-01  1.08130e+00 -7.06837e-03 -7.06837e-03  9.61717e-01  4.15727e-04  9.61717e-01 -4.88163e-03 -2.12895e-02  1.81607e-03  1.81607e-03  9.44416e-03 -1.06841e-04  9.44416e-03 -1.14067e-02  6.69938e-04  6.69938e-04 -1.25967e-05  8.78026e-01 -7.54324e-03  4.43487e-04  4.43487e-04
00175 0004 -4.84375e+00  6.70532e-01  1.10163e+00 -4.81139e-03 -4.81139e-03  9.52778e-01  1.55173e-04  9.52778e-01 -3.76685e-03 -2.71023e-02  1.25398e-03  1.25398e-03  1.17094e-02 -4.04548e-05  1.17094e-02 -2.22814e-02  7.18157e-04  7.18157e-04 -1.13746e-05  8.70379e-01 -1.10268e-02  3.55521e-04  3.55521e-04
00175 0005 -4.53125e+00  6.54785e-01  1.11600e+00 -5.85017e-03 -5.85017e-03  9.46635e-01  2.01688e-04  9.46635e-01 -2.66715e-03 -3.17930e-02  1.56368e-03  1.56368e-03  1.34681e-02 -5.39070e-05  1.34681e-02 -3.22302e-02  1.11089e-03  1.11089e-03 -1.31339e-05  8.63889e-01 -1.41655e-02  4.88287e-04  4.88287e-04
00175 0006 -4.21875e+00  6.37872e-01  1.13150e+00 -7.09964e-03 -7.09964e-03  9.40143e-01  2.62916e-04  9.40143e-01 -1.20752e-03 -3.75829e-02  1.97323e-03  1.97323e-03  1.55895e-02 -7.30768e-05  1.55895e-02 -4.51427e-02  1.67172e-03  1.67172e-03 -1.18703e-05  8.55785e-01 -1.82492e-02  6.75770e-04  6.75770e-04
00175 0007 -3.90625e+00  6.19631e-01  1.14788e+00 -8.59426e-03 -8.59426e-03  9.33430e-01  3.43739e-04  9.33430e-01  6.85366e-04 -4.48499e-02  2.52760e-03  2.52760e-03  1.81989e-02 -1.01130e-04  1.81989e-02 -6.17126e-02  2.46866e-03  2.46866e-03 -9.52899e-06  8.45626e-01 -2.35462e-02  9.41778e-04  9.41778e-04
00175 0008 -3.59375e+00  5.99826e-01  1.16469e+00 -1.03695e-02 -1.03695e-02  9.26697e-01  4.50831e-04  9.26697e-01  3.11685e-03 -5.41271e-02  3.29456e-03  3.29456e-03  2.14768e-02 -1.43272e-04  2.14768e-02 -8.27712e-02  3.59903e-03  3.59903e-03 -1.06691e-05  8.32859e-01 -3.03951e-02  1.32145e-03  1.32145e-03
00175 0009 -3.28125e+00  5.78114e-01  1.18118e+00 -1.24562e-02 -1.24562e-02  9.20245e-01  5.93151e-04  9.20245e-01  6.23989e-03 -6.61135e-02  4.38119e-03  4.38119e-03  2.56653e-02 -2.08623e-04  2.56653e-02 -1.09269e-01  5.20364e-03  5.20364e-03 -1.34698e-05  8.16792e-01 -3.92177e-02  1.86739e-03  1.86739e-03
00175 0010 -2.96875e+00  5.53978e-01  1.19620e+00 -1.48699e-02 -1.48699e-02  9.14505e-01  7.82624e-04  9.14505e-01  1.02911e-02 -8.17815e-02  5.95962e-03  5.95962e-03  3.11194e-02 -3.13593e-04  3.11194e-02 -1.42223e-01  7.48507e-03  7.48507e-03 -1.16625e-05  7.96555e-01 -5.05306e-02  2.65925e-03  2.65925e-03
00175 0011 -2.65625e+00  5.26648e-01  1.20805e+00 -1.75911e-02 -1.75911e-02  9.10082e-01  1.03476e-03  9.10082e-01  1.56393e-02 -1.02460e-01  8.31294e-03  8.31294e-03  3.83627e-02 -4.88968e-04  3.83627e-02 -1.82571e-01  1.07381e-02  1.07381e-02 -1.66787e-05  7.71055e-01 -6.49432e-02  3.81960e-03  3.81960e-03
00176 0004 -2.42188e+00  5.02578e-01  1.21551e+00 -9.96133e-03 -9.96133e-03  9.07111e-01  3.21363e-04  9.07111e-01  2.10335e-02 -1.24034e-01  5.48945e-03  5.48945e-03  4.61963e-02 -1.77092e-04  4.61963e-02 -2.19926e-01  7.09274e-03  7.09274e-03 -1.34837e-05  7.46852e-01 -7.88917e-02  2.54467e-03  2.54467e-03
00176 0005 -2.26562e+00  4.85250e-01  1.21702e+00 -1.07199e-02 -1.07199e-02  9.06561e-01  3.69665e-04  9.06561e-01  2.53152e-02 -1.40228e-01  6.64279e-03  6.64279e-03  5.21166e-02 -2.28938e-04  5.21166e-02 -2.46362e-01  8.49520e-03  8.49520e-03 -9.35961e-06  7.28709e-01 -8.91727e-02  3.07465e-03  3.07465e-03
00176 0006 -2.10938e+00  4.66254e-01  1.21624e+00 -1.14762e-02 -1.14762e-02  9.06863e-01  4.25053e-04  9.06863e-01  3.03932e-02 -1.58903e-01  8.08577e-03  8.08577e-03  5.90958e-02 -2.99378e-04  5.90958e-02 -2.74621e-01  1.01709e-02  1.01709e-02 -9.02177e-06  7.08360e-01 -1.00595e-01  3.72558e-03  3.72558e-03
00176 0007 -1.95312e+00  4.45286e-01  1.21280e+00 -1.22067e-02 -1.22067e-02  9.08165e-01  4.88282e-04  9.08165e-01  3.64637e-02 -1.80400e-01  9.92664e-03  9.92664e-03  6.73528e-02 -3.97016e-04  6.73528e-02 -3.04371e-01  1.21748e-02  1.21748e-02 -7.08652e-06  6.85555e-01 -1.13181e-01  4.52718e-03  4.52718e-03
00176 0008 -1.79688e+00  4.21992e-01  1.20631e+00 -1.28827e-02 -1.28827e-02  9.10616e-01  5.60148e-04  9.10616e-01  4.37787e-02 -2.05081e-01  1.22948e-02  1.22948e-02  7.71542e-02 -5.34579e-04  7.71542e-02 -3.35045e-01  1.45672e-02  1.45672e-02 -7.63213e-06  6.60029e-01 -1.26894e-01  5.51712e-03  5.51712e-03
00176 0009 -1.64062e+00  3.95982e-01  1.19650e+00 -1.34678e-02 -1.34678e-02  9.14357e-01  6.41371e-04  9.14357e-01  5.26623e-02 -2.33306e-01  1.53743e-02  1.53743e-02  8.88137e-02 -7.32206e-04  8.88137e-02 -3.65777e-01  1.74179e-02  1.74179e-02 -1.04623e-05  6.31501e-01 -1.41598e-01  6.74276e-03  6.74276e-03
00176 0010 -1.48438e+00  3.66845e-01  1.18318e+00 -1.39180e-02 -1.39180e-02  9.19501e-01  7.32584e-04  9.19501e-01  6.35289e-02 -2.65433e-01  1.94298e-02  1.94298e-02  1.02701e-01 -1.02273e-03  1.02701e-01 -3.95304e-01  2.08053e-02  2.08053e-02 -1.69056e-05  5.99677e-01 -1.57006e-01  8.26342e-03  8.26342e-03
00176 0011 -1.32812e+00  3.34195e-01  1.16635e+00 -1.41814e-02 -1.41814e-02  9.26119e-01  8.34238e-04  9.26119e-01  7.69074e-02 -3.01789e-01  2.48522e-02  2.48522e-02  1.19232e-01 -1.46190e-03  1.19232e-01 -4.21865e-01  2.48150e-02  2.48150e-02 -1.75556e-05  5.64256e-01 -1.72605e-01  1.01531e-02  1.01531e-02
00177 0004 -1.21094e+00  3.06307e-01  1.15242e+00 -7.13272e-03 -7.13272e-03  9.31571e-01  2.30087e-04  9.31571e-01  8.94144e-02 -3.35972e-01  1.52094e-02  1.52094e-02  1.35612e-01 -4.91047e-04  1.35612e-01 -4.40270e-01  1.41973e-02  1.41973e-02  3.07206e-05  5.34164e-01 -1.84878e-01  5.96397e-03  5.96397e-03
00177 0005 -1.13281e+00  2.86982e-01  1.14163e+00 -7.10028e-03 -7.10028e-03  9.35963e-01  2.44849e-04  9.35963e-01  9.87148e-02 -3.58402e-01  1.74403e-02  1.74403e-02  1.46708e-01 -6.01381e-04  1.46708e-01 -4.49170e-01  1.54903e-02  1.54903e-02  2.45198e-05  5.13346e-01 -1.92104e-01  6.62428e-03  6.62428e-03
00177 0006 -1.05469e+00  2.66661e-01  1.13018e+00 -7.02855e-03 -7.02855e-03  9.40691e-01  2.60322e-04  9.40691e-01  1.09107e-01 -3.82242e-01  2.00715e-02  2.00715e-02  1.58835e-01 -7.43321e-04  1.58835e-01 -4.55721e-01  1.68783e-02  1.68783e-02  8.04535e-06  4.91431e-01 -1.98770e-01  7.36189e-03  7.36189e-03
00177 0007 -9.76562e-01  2.45374e-01  1.11817e+00 -6.90951e-03 -6.90951e-03  9.45727e-01  2.76395e-04  9.45727e-01  1.20732e-01 -4.07560e-01  2.32206e-02  2.32206e-02  1.72074e-01 -9.28750e-04  1.72074e-01 -4.59404e-01  1.83762e-02  1.83762e-02  1.18608e-05  4.68375e-01 -2.04641e-01  8.18565e-03  8.18565e-03
00177 0008 -8.98438e-01  2.23181e-01  1.10573e+00 -6.73911e-03 -6.73911e-03  9.51032e-01  2.93035e-04  9.51032e-01  1.33753e-01 -4.34436e-01  2.70480e-02  2.70480e-02  1.86507e-01 -1.17581e-03  1.86507e-01 -4.59626e-01  1.99839e-02  1.99839e-02  1.95171e-05  4.44131e-01 -2.09435e-01  9.10591e-03  9.10591e-03
00177 0009 -8.20312e-01  2.00182e-01  1.09299e+00 -6.51285e-03 -6.51285e-03  9.56553e-01  3.10142e-04  9.56553e-01  1.48357e-01 -4.62967e-01  3.17480e-02  3.17480e-02  2.02217e-01 -1.51163e-03  2.02217e-01 -4.55719e-01  2.17010e-02  2.17010e-02  1.88928e-05  4.18648e-01 -2.12816e-01  1.01341e-02  1.01341e-02
00177 0010 -7.42188e-01  1.76529e-01  1.08014e+00 -6.22545e-03 -6.22545e-03  9.62223e-01  3.27702e-04  9.62223e-01  1.64761e-01 -4.93242e-01  3.76069e-02  3.76069e-02  2.19272e-01 -1.98052e-03  2.19272e-01 -4.46935e-01  2.35229e-02  2.35229e-02  1.11249e-05  3.91875e-01 -2.14384e-01  1.12834e-02  1.12834e-02
00177 0011 -6.64062e-01  1.52435e-01  1.06737e+00 -5.87019e-03 -5.87019e-03  9.67960e-01  3.46156e-04  9.67960e-01  1.83214e-01 -5.25292e-01  4.50263e-02  4.50263e-02  2.37697e-01 -2.65055e-03  2.37697e-01 -4.32459e-01  2.54386e-02  2.54386e-02  1.04299e-05  3.63754e-01 -2.13666e-01  1.25686e-02  1.25686e-02
00178 0004 -5.85938e-01  1.28190e-01  1.05489e+00 -5.43451e-03 -5.43451e-03  9.73665e-01  3.62073e-04  9.73665e-01  2.04005e-01 -5.59159e-01  5.46809e-02  5.46809e-02  2.57496e-01 -3.62310e-03  2.57496e-01 -4.11426e-01  2.74292e-02  2.74292e-02  3.04388e-05  3.34227e-01 -2.10108e-01  1.40074e-02  1.40074e-02
00178 0005 -5.07812e-01  1.04173e-01  1.04298e+00 -4.94890e-03 -4.94890e-03  9.79203e-01  3.69693e-04  9.79203e-01  2.27483e-01 -5.94769e-01  6.77603e-02  6.77603e-02  2.78562e-01 -5.23870e-03  2.78562e-01 -3.82966e-01  2.94586e-02  2.94586e-02 -2.60047e-05  3.03227e-01 -2.03059e-01  1.56205e-02  1.56205e-02
00178 0006 -4.29688e-01  8.08705e-02  1.03183e+00 -4.40828e-03 -4.40828e-03  9.84476e-01  4.35116e-04  9.84476e-01  2.54041e-01 -6.30337e-01  8.49848e-02  8.49848e-02  2.99982e-01 -7.97809e-03  2.99982e-01 -3.46267e-01  3.14729e-02  3.14729e-02 -3.28200e-05  2.70688e-01 -1.91758e-01  1.74315e-02  1.74315e-02
00178 0007 -3.51562e-01  5.89061e-02  1.02160e+00 -3.39741e-03 -3.39741e-03  9.89385e-01  4.37626e-04  9.89385e-01  2.83633e-01 -6.67360e-01  1.10537e-01  1.10537e-01  3.22423e-01 -1.12431e-02  3.22423e-01 -3.00727e-01  3.34210e-02  3.34210e-02  6.82117e-05  2.36560e-01 -1.75311e-01  1.94777e-02  1.94777e-02
00178 0008 -2.73438e-01  3.90400e-02  1.01395e+00 -3.35363e-03 -3.35363e-03  9.93107e-01 -9.33438e-05  9.93107e-01  3.15278e-01 -6.96346e-01  1.55252e-01  1.55252e-01  3.39994e-01 -2.33638e-02  3.39994e-01 -2.46148e-01  3.51694e-02  3.51694e-02  1.11773e-04  2.01064e-01 -1.52699e-01  2.18187e-02  2.18187e-02
00178 0009 -1.95312e-01  2.22537e-02  1.00253e+00 -2.41762e-03 -2.41762e-03  9.98745e-01  2.72984e-03  9.98745e-01  3.53170e-01 -6.89381e-01  2.05632e-01  2.05632e-01  3.42271e-01 -4.65833e-02  3.42271e-01 -1.82828e-01  3.65411e-02  3.65411e-02  2.35198e-04  1.64662e-01 -1.22566e-01  2.45011e-02  2.45011e-02
00178 0010 -1.17188e-01  9.66220e-03  1.00546e+00  4.78235e-03  4.78235e-03  9.97318e-01 -5.35824e-03  9.97318e-01  3.97312e-01 -6.58920e-01  3.42507e-01  3.42507e-01  3.30494e-01 -7.94036e-02  3.30494e-01 -1.12041e-01  3.74791e-02  3.74791e-02 -1.23254e-03  1.26305e-01 -8.32723e-02  2.77068e-02  2.77068e-02
00178 0011 -3.90625e-02  2.71449e-03  1.00030e+00 -1.72821e-02 -1.72821e-02  1.00030e+00  1.72821e-02  1.00030e+00  4.00522e-01 -1.50260e-02  4.42368e-01  4.42368e-01 -1.50260e-02 -4.42368e-01 -1.50260e-02 -3.75703e-02  3.75703e-02  3.75703e-02  3.64953e-03  9.68670e-02 -3.16054e-02  3.16054e-02  3.16054e-02
00203 0004  3.90625e-02  2.71449e-03  1.00030e+00  1.72821e-02  1.72821e-02  1.00030e+00  1.72821e-02  1.00030e+00  4.00522e-01 -1.50260e-02 -4.42368e-01 -4.42368e-01 -1.50260e-02 -4.42368e-01 -1.50260e-02  3.75703e-02  3.75703e-02  3.75703e-02  3.64953e-03  9.68670e-02  3.16054e-02  3.16054e-02  3.16054e-02
00203 0005  1.17188e-01  9.66220e-03  1.00546e+00 -4.78235e-03 -4.78235e-03  9.97318e-01 -5.35824e-03  9.97318e-01  3.97312e-01 -6.58920e-01 -3.42507e-01 -3.42507e-01  3.30494e-01 -7.94036e-02  3.30494e-01  1.12041e-01  3.74791e-02  3.74791e-02 -1.23254e-03  1.26305e-01  8.32723e-02  2.77068e-02  2.77068e-02
00203 0006  1.95312e-01  2.22537e-02  1.00253e+00  2.41762e-03  2.41762e-03  9.98745e-01  2.72984e-03  9.98745e-01  3.53170e-01 -6.89381e-01 -2.05632e-01 -2.05632e-01  3.42271e-01 -4.65833e-02  3.42271e-01  1.82828e-01  3.65411e-02  3.65411e-02  2.35198e-04  1.64662e-01  1.22566e-01  2.45011e-02  2.45011e-02
00203 0007  2.73438e-01  3.90400e-02  1.01395e+00  3.35363e-03  3.35363e-03  9.93107e-01 -9.33438e-05  9.93107e-01  3.15278e-01 -6.96346e-01 -1.55252e-01 -1.55252e-01  3.39994e-01 -2.33638e-02  3.39994e-01  2.46148e-01  3.51694e-02  3.51694e-02  1.11773e-04  2.01064e-01  1.52699e-01  2.18187e-02  2.18187e-02
00203 0008  3.51562e-01  5.89061e-02  1.02160e+00  3.39741e-03  3.39741e-03  9.89385e-01  4.37626e-04  9.89385e-01  2.83633e-01 -6.67360e-01 -1.10537e-01 -1.10537e-01  3.22423e-01 -1.12431e-02  3.22423e-01  3.00727e-01  3.34210e-02  3.34210e-02  6.82117e-05  2.36560e-01  1.75311e-01  1.94777e-02  1.94777e-02
00203 0009  4.29688e-01  8.08705e-02  1.03183e+00  4.40828e-03  4.40828e-03  9.84476e-01  4.35116e-04  9.84476e-01  2.54041e-01 -6.30337e-01 -8.49848e-02 -8.49848e-02  2.99982e-01 -7.97809e-03  2.99982e-01  3.46267e-01  3.14729e-02  3.14729e-02 -3.28200e-05  2.70688e-01  1.91758e-01  1.74315e-02  1.74315e-02
00203 0010  5.07812e-01  1.04173e-01  1.04298e+00  4.94890e-03  4.94890e-03  9.79203e-01  3.69693e-04  9.79203e-01  2.27483e-01 -5.94769e-01 -6.77603e-02 -6.77603e-02  2.78562e-01 -5.23870e-03  2.78562e-01  3.82966e-01  2.94586e-02  2.94586e-02 -2.60047e-05  3.03227e-01  2.03059e-01  1.56205e-02  1.56205e-02
00203 0011  5.85938e-01  1.28190e-01  1.05489e+00  5.43451e-03  5.43451e-03  9.73665e-01  3.62073e-04  9.73665e-01  2.04005e-01 -5.59159e-01 -5.46809e-02 -5.46809e-02  2.57496e-01 -3.62310e-03  2.57496e-01  4.11426e-01  2.74292e-02  2.74292e-02  3.04388e-05  3.34227e-01  2.10108e-01  1.40074e-02  1.40074e-02
00204 0004  6.64062e-01  1.52435e-01  1.06737e+00  5.87019e-03  5.87019e-03  9.67960e-01  3.46156e-04  9.67960e-01  1.83214e-01 -5.25292e-01 -4.50263e-02 -4.50263e-02  2.37697e-01 -2.65055e-03  2.37697e-01  4.32459e-01  2.54386e-02  2.54386e-02  1.04299e-05  3.63754e-01  2.13666e-01  1.25686e-02  1.25686e-02
00204 0005  7.42188e-01  1.76529e-01  1.08014e+00  6.22545e-03  6.22545e-03  9.62223e-01  3.27702e-04  9.62223e-01  1.64761e-01 -4.93242e-01 -3.76069e-02 -3.76069e-02  2.19272e-01 -1.98052e-03  2.19272e-01  4.46935e-01  2.35229e-02  2.35229e-02  1.11249e-05  3.91875e-01  2.14384e-01  1.12834e-02  1.12834e-02
00204 0006  8.20312e-01  2.00182e-01  1.09299e+00  6.51285e-03  6.51285e-03  9.56553e-01  3.10142e-04  9.56553e-01  1.48357e-01 -4.62967e-01 -3.17480e-02 -3.17480e-02  2.02217e-01 -1.51163e-03  2.02217e-01  4.55719e-01  2.17010e-02  2.17010e-02  1.88928e-05  4.18648e-01  2.12816e-01  1.01341e-02  1.01341e-02
00204 0007  8.98438e-01  2.23181e-01  1.10573e+00  6.73911e-03  6.73911e-03  9.51032e-01  2.93035e-04  9.51032e-01  1.33753e-01 -4.34436e-01 -2.70480e-02 -2.70480e-02  1.86507e-01 -1.17581e-03  1.86507e-01  4.59626e-01  1.99839e-02  1.99839e-02  1.95171e-05  4.44131e-01  2.09435e-01  9.10591e-03  9.10591e-03
00204 0008  9.76562e-01  2.45374e-01  1.11817e+00  6.90951e-03  6.90951e-03  9.45727e-01  2.76395e-04  9.45727e-01  1.20732e-01 -4.07560e-01 -2.32206e-02 -2.32206e-02  1.72074e-01 -9.28750e-04  1.72074e-01  4.59404e-01  1.83762e-02  1.83762e-02  1.18608e-05  4.68375e-01  2.04641e-01  8.18565e-03  8.18565e-03
00204 0009  1.05469e+00  2.66661e-01  1.13018e+00  7.02855e-03  7.02855e-03  9.40691e-01  2.60322e-04  9.40691e-01  1.09107e-01 -3.82242e-01 -2.00715e-02 -2.00715e-02  1.58835e-01 -7.43321e-04  1.58835e-01  4.55721e-01  1.68783e-02  1.68783e-02  8.04535e-06  4.91431e-01  1.98770e-01  7.36189e-03  7.36189e-03
00204 0010  1.13281e+00  2.86982e-01  1.14163e+00  7.10028e-03  7.10028e-03  9.35963e-01  2.44849e-04  9.35963e-01  9.87148e-02 -3.58402e-01 -1.74403e-02 -1.74403e-02  1.46708e-01 -6.01381e-04  1.46708e-01  4.49170e-01  1.54903e-02  1.54903e-02  2.45198e-05  5.13346e-01  1.92104e-01  6.62428e-03  6.62428e-03
00204 0011  1.21094e+00  3.06307e-01  1.15242e+00  7.13272e-03  7.13272e-03  9.31571e-01  2.30087e-04  9.31571e-01  8.94144e-02 -3.35972e-01 -1.52094e-02 -1.52094e-02  1.35612e-01 -4.91047e-04  1.35612e-01  4.40270e-01  1.41973e-02  1.41973e-02  3.07206e-05  5.34164e-01  1.84878e-01  5.96397e-03  5.96397e-03
00211 0004  1.32812e+00  3.34195e-01  1.16635e+00  1.41814e-02  1.41814e-02  9.26119e-01  8.34238e-04  9.26119e-01  7.69074e-02 -3.01789e-01 -2.48522e-02 -2.48522e-02  1.19232e-01 -1.46190e-03  1.19232e-01  4.21865e-01  2.48150e-02  2.48150e-02 -1.75556e-05  5.64256e-01  1.72605e-01  1.01531e-02  1.01531e-02
00211 0005  1.48438e+00  3.66845e-01  1.18318e+00  1.39180e-02  1.39180e-02  9.19501e-01  7.32584e-04  9.19501e-01  6.35289e-02 -2.65433e-01 -1.94298e-02 -1.94298e-02  1.02701e-01 -1.02273e-03  1.02701e-01  3.95304e-01  2.08053e-02  2.08053e-02 -1.69056e-05  5.99677e-01  1.57006e-01  8.26342e-03  8.26342e-03
00211 0006  1.64062e+00  3.95982e-01  1.19650e+00  1.34678e-02  1.34678e-02  9.14357e-01  6.41371e-04  9.14357e-01  5.26623e-02 -2.33306e-01 -1.53743e-02 -1.53743e-02  8.88137e-02 -7.32206e-04  8.88137e-02  3.65777e-01  1.74179e-02  1.74179e-02 -1.04623e-05  6.31501e-01  1.41598e-01  6.74276e-03  6.74276e-03
00211 0007  1.79688e+00  4.21992e-01  1.20631e+00  1.28827e-02  1.28827e-02  9.10616e-01  5.60148e-04  9.10616e-01  4.37787e-02 -2.05081e-01 -1.22948e-02 -1.22948e-02  7.71542e-02 -5.34579e-04  7.71542e-02  3.35045e-01  1.45672e-02  1.45672e-02 -7.63213e-06  6.60029e-01  1.26894e-01  5.51712e-03  5.51712e-03
00211 0008  1.95312e+00  4.45286e-01  1.21280e+00  1.22067e-02  1.22067e-02  9.08165e-01  4.88282e-04  9.08165e-01  3.64637e-02 -1.80400e-01 -9.92664e-03 -9.92664e-03  6.73528e-02 -3.97016e-04  6.73528e-02  3.04371e-01  1.21748e-02  1.21748e-02 -7.08652e-06  6.85555e-01  1.13181e-01  4.52718e-03  4.52718e-03
00211 0009  2.10938e+00  4.66254e-01  1.21624e+00  1.14762e-02  1.14762e-02  9.06863e-01  4.25053e-04  9.06863e-01  3.03932e-02 -1.58903e-01 -8.08577e-03 -8.08577e-03  5.90958e-02 -2.99378e-04  5.90958e-02  2.74621e-01  1.01709e-02  1.01709e-02 -9.02177e-06  7.08360e-01  1.00595e-01  3.72558e-03  3.72558e-03
00211 0010  2.26562e+00  4.85250e-01  1.21702e+00  1.07199e-02  1.07199e-02  9.06561e-01  3.69665e-04  9.06561e-01  2.53152e-02 -1.40228e-01 -6.64279e-03 -6.64279e-03  5.21166e-02 -2.28938e-04  5.21166e-02  2.46362e-01  8.49520e-03  8.49520e-03 -9.35961e-06  7.28709e-01  8.91727e-02  3.07465e-03  3.07465e-03
00211 0011  2.42188e+00  5.02578e-01  1.21551e+00  9.96133e-03  9.96133e-03  9.07111e-01  3.21363e-04  9.07111e-01  2.10335e-02 -1.24034e-01 -5.48945e-03 -5.48945e-03  4.61963e-02 -1.77092e-04  4.61963e-02  2.19926e-01  7.09274e-03  7.09274e-03 -1.34837e-05  7.46852e-01  7.88917e-02  2.54467e-03  2.54467e-03
00218 0004  2.65625e+00  5.26648e-01  1.20805e+00  1.75911e-02  1.75911e-02  9.10082e-01  1.03476e-03  9.10082e-01  1.56393e-02 -1.02460e-01 -8.31294e-03 -8.31294e-03  3.83627e-02 -4.88968e-04  3.83627e-02  1.82571e-01  1.07381e-02  1.07381e-02 -1.66787e-05  7.71055e-01  6.49432e-02  3.81960e-03  3.81960e-03
00218 0005  2.96875e+00  5.53978e-01  1.19620e+00  1.48699e-02  1.48699e-02  9.14505e-01  7.82624e-04  9.14505e-01  1.02911e-02 -8.17815e-02 -5.95962e-03 -5.95962e-03  3.11194e-02 -3.13593e-04  3.11194e-02  1.42223e-01  7.48507e-03  7.48507e-03 -1.16625e-05  7.96555e-01  5.05306e-02  2.65925e-03  2.65925e-03
00218 0006  3.28125e+00  5.78114e-01  1.18118e+00  1.24562e-02  1.24562e-02  9.20245e-01  5.93151e-04  9.20245e-01  6.23989e-03 -6.61135e-02 -4.38119e-03 -4.38119e-03  2.56653e-02 -2.08623e-04  2.56653e-02  1.09269e-01  5.20364e-03  5.20364e-03 -1.34698e-05  8.16792e-01  3.92177e-02  1.86739e-03  1.86739e-03
00218 0007  3.59375e+00  5.99826e-01  1.16469e+00  1.03695e-02  1.03695e-02  9.26697e-01  4.50831e-04  9.26697e-01  3.11685e-03 -5.41271e-02 -3.29456e-03 -3.29456e-03  2.14768e-02 -1.43272e-04  2.14768e-02  8.27712e-02  3.59903e-03  3.59903e-03 -1.06691e-05  8.32859e-01  3.03951e-02  1.32145e-03  1.32145e-03
00218 0008  3.90625e+00  6.19631e-01  1.14788e+00  8.59426e-03  8.59426e-03  9.33430e-01  3.43739e-04  9.33430e-01  6.85366e-04 -4.48499e-02 -2.52760e-03 -2.52760e-03  1.81989e-02 -1.01130e-04  1.81989e-02  6.17126e-02  2.46866e-03  2.46866e-03 -9.52899e-06  8.45626e-01  2.35462e-02  9.41778e-04  9.41778e-04
00218 0009  4.21875e+00  6.37872e-01  1.13150e+00  7.09964e-03  7.09964e-03  9.40143e-01  2.62916e-04  9.40143e-01 -1.20752e-03 -3.75829e-02 -1.97323e-03 -1.97323e-03  1.55895e-02 -7.30768e-05  1.55895e-02  4.51427e-02  1.67172e-03  1.67172e-03 -1.18703e-05  8.55785e-01  1.82492e-02  6.75770e-04  6.75770e-04
00218 0010  4.53125e+00  6.54785e-01  1.11600e+00  5.85017e-03  5.85017e-03  9.46635e-01  2.01688e-04  9.46635e-01 -2.66715e-03 -3.17930e-02 -1.56368e-03 -1.56368e-03  1.34681e-02 -5.39070e-05  1.34681e-02  3.22302e-02  1.11089e-03  1.11089e-03 -1.31339e-05  8.63889e-01  1.41655e-02  4.88287e-04  4.88287e-04
00218 0011  4.84375e+00  6.70532e-01  1.10163e+00  4.81139e-03  4.81139e-03  9.52778e-01  1.55173e-04  9.52778e-01 -3.76685e-03 -2.71023e-02 -1.25398e-03 -1.25398e-03  1.17094e-02 -4.04548e-05  1.17094e-02  2.22814e-02  7.18157e-04  7.18157e-04 -1.13746e-05  8.70379e-01  1.10268e-02  3.55521e-04  3.55521e-04
00225 0004  5.31250e+00  6.92816e-01  1.08130e+00  7.06837e-03  7.06837e-03  9.61717e-01  4.15727e-04  9.61717e-01 -4.88163e-03 -2.12895e-02 -1.81607e-03 -1.81607e-03  9.44416e-03 -1.06841e-04  9.44416e-03  1.14067e-02  6.69938e-04  6.69938e-04 -1.25967e-05  8.78026e-01  7.54324e-03  4.43487e-04  4.43487e-04
00225 0005  5.93750e+00  7.18381e-01  1.06061e+00  4.73926e-03  4.73926e-03  9.71030e-01  2.49546e-04  9.71030e-01 -5.48594e-03 -1.59559e-02 -1.22874e-03 -1.22874e-03  7.29333e-03 -6.47270e-05  7.29333e-03  3.21075e-03  1.68500e-04  1.68500e-04 -9.56056e-06  8.85037e-01  4.75365e-03  2.50263e-04  2.50263e-04
00225 0006  6.56250e+00  7.40727e-01  1.04449e+00  3.16292e-03  3.16292e-03  9.78482e-01  1.50832e-04  9.78482e-01 -5.38251e-03 -1.19930e-02 -8.41310e-04 -8.41310e-04  5.61250e-03 -4.01425e-05  5.61250e-03 -7.88917e-04 -3.83507e-05 -3.83507e-05 -1.07242e-05  8.90177e-01  3.10438e-03  1.48023e-04  1.48023e-04
00225 0007  7.18750e+00  7.60220e-01  1.03231e+00  2.10704e-03  2.10704e-03  9.84231e-01  9.19091e-05  9.84231e-01 -4.80909e-03 -8.94821e-03 -5.76191e-04 -5.76191e-04  4.26339e-03 -2.51401e-05  4.26339e-03 -2.32269e-03 -1.02531e-04 -1.02531e-04 -1.10240e-05  8.94424e-01  2.09842e-03  9.15050e-05  9.15050e-05
00225 0008  7.81250e+00  7.77200e-01  1.02334e+00  1.40649e-03  1.40649e-03  9.88534e-01  5.66455e-05  9.88534e-01 -3.99538e-03 -6.59152e-03 -3.91886e-04 -3.91886e-04  3.18261e-03 -1.57895e-05  3.18261e-03 -2.54520e-03 -1.04259e-04 -1.04259e-04 -7.93747e-06  8.98361e-01  1.45409e-03  5.85499e-05  5.85499e-05
00225 0009  8.43750e+00  7.92001e-01  1.01685e+00  9.45159e-04  9.45159e-04  9.91682e-01  3.54851e-05  9.91682e-01 -3.13888e-03 -4.78253e-03 -2.64683e-04 -2.64683e-04  2.33160e-03 -9.95650e-06  2.33160e-03 -2.18008e-03 -8.42343e-05 -8.42343e-05  1.35029e-06  9.02274e-01  1.02398e-03  3.85127e-05  3.85127e-05
00225 0010  9.06250e+00  8.04940e-01  1.01221e+00  6.42673e-04  6.42673e-04  9.93953e-01  2.27352e-05  9.93953e-01 -2.37472e-03 -3.42393e-03 -1.78337e-04 -1.78337e-04  1.68087e-03 -6.35504e-06  1.68087e-03 -1.63100e-03 -6.05562e-05 -6.05562e-05  1.27211e-05  9.06242e-01  7.35335e-04  2.63780e-05  2.63780e-05
00225 0011  9.68750e+00  8.16307e-01  1.00888e+00  4.43792e-04  4.43792e-04  9.95591e-01  1.49009e-05  9.95591e-01 -1.76662e-03 -2.43983e-03 -1.20849e-04 -1.20849e-04  1.20374e-03 -4.15534e-06  1.20374e-03 -1.07465e-03 -3.88246e-05 -3.88246e-05  1.35973e-05  9.10236e-01  5.47058e-04  1.97610e-05  1.97610e-05
