-0.43335742903082375 -0.011889274751857096 -0.015558904598903332 0 -0.010462561781634246 -0.013691836047034934 0
-0.40963942082220695 -0.012228857887385383 -0.016047831702421016 0 -0.010840216922486257 -0.014225529349657855 0
-0.34054049632072469 -0.010963248124504233 -0.014437166725240926 0 -0.00965670504597229 -0.012716620036498698 0
-0.23254330648279972 -0.0082890105835153292 -0.010981540820364583 0 -0.0071593095624377257 -0.0094848775271069701 0
-0.097173383517091705 -0.0045590030830909463 -0.0061349753816305024 0 -0.0038182978326113579 -0.0051382205223080958 0
0.048940117261940509 -0.00023539243098475706 -0.00049119547608855556 0 -0.00018976680613756104 -0.00039598807955120672 0
0.18544297448887231 0.004155248649072441 0.0052705055510704471 0 0.0032173550416731461 0.0040808839708516764 0
0.29135771713928904 0.0080630188018611625 0.010433580898164771 0 0.0060185020965468749 0.007787967516037721 0
0.34926620046550161 0.010961230212740435 0.014301727236558471 0 0.0079615007584968034 0.010387813231887913 0
0.34926620046550161 0.012412444298912601 0.016286242125981759 0 0.0088921699498020947 0.011667325898134585 0
0.2913577171392891 0.012153911448991552 0.016023313708175047 0 0.0087208253631053077 0.011497246888271534 0
0.18544297448885738 0.010174528884724508 0.013482164079768844 0 0.0074201969308961896 0.0098324270007955645 0
0.048940117261940912 0.0067427013877482261 0.0090069881856528755 0 0.0050573081537068189 0.0067556179893138342 0
-0.097173383517111661 0.0023649953299663164 0.0032637861768568047 0 0.0018381543526797544 0.0025367249952628003 0
-0.23254330648277891 -0.0023100009750212265 -0.0028888602868338093 0 -0.00186557328979818 -0.0023330642053198008 0
-0.34054049632072436 -0.0066093119973134069 -0.0085591717563092591 0 -0.0055347452203083607 -0.0071675894536810166 0
-0.40963942082220534 -0.0099439791803448037 -0.012968661214437143 0 -0.0085791678877009635 -0.011188712266945252 0
-0.43889927757255576 -0.011972260994285847 -0.01588903406878775 0 -0.010535589674971547 -0.013982349980533222 0
-0.41461859875242302 -0.012341426293427996 -0.016390256905047498 0 -0.010940002687547702 -0.014529070654199996 0
-0.34403069603619252 -0.011085423521631787 -0.014734898304483893 0 -0.0097643202126215158 -0.012978869509553553 0
-0.23412787484528697 -0.0083974500244664695 -0.011178702811437504 0 -0.0072529698996667384 -0.0096551685062070368 0
-0.097024219331826089 -0.0046339107260709072 -0.0061927116084748296 0 -0.0038810351647919914 -0.005186576293472302 0
0.050250638342590845 -0.00026584151658895841 -0.00039924835043229738 0 -0.00021431400886938009 -0.00032186287384122823 0
0.18727467754816041 0.0041696461890472561 0.0054913480486421633 0 0.0032285028698147917 0.0042518794474127866 0
0.29327725855458375 0.0081141698155930038 0.010738803508562239 0 0.0060566828934606231 0.0080157956987236701 0
0.35113241233278286 0.011036779075505666 0.014636677832057264 0 0.0080163743736417371 0.010631098827424719 0
0.35113241233278292 0.012500041924049946 0.016600308307101581 0 0.0089549241464101353 0.011892320249831089 0
0.29327725855457398 0.01224387308594513 0.016279454562387732 0 0.0087853757532034941 0.011681036252487349 0
0.18727467754812679 0.010260152112810735 0.013659216488280869 0 0.0074826412191238943 0.0099615498086556044 0
0.050250638342583032 0.0068185709998282128 0.0090957294956755946 0 0.0051142135371319069 0.0068221776847445107 0
-0.097024219331893535 0.0024245889640524309 0.003260601394507691 0 0.0018844725405000053 0.002534249674714305 0
-0.23412787484521805 -0.0022755418365746124 -0.0029860010299602125 0 -0.0018377438434167251 -0.0024115157634305496 0
-0.34403069603626957 -0.0066097917465087683 -0.0087493774212300951 0 -0.0055351469700770295 -0.0073268707669590233 0
-0.41461859875242285 -0.0099861755072770467 -0.013241909137361032 0 -0.0086155727681246456 -0.011424456908322139 0
-0.44032224916270357 -0.011993061638245291 -0.015972215100783844 0 -0.010553894241655858 -0.014055549288689784 0
-0.41589300247285227 -0.012369755052250212 -0.016476721289382702 0 -0.010965114590360344 -0.014605716624812646 0
-0.34491340907031831 -0.011116223472959584 -0.014810180519748738 0 -0.0097914495854155188 -0.013045179980662486 0
-0.23451338386209006 -0.0084247974293127428 -0.011228571299204005 0 -0.0072765901538636808 -0.0096982404672974268 0
-0.096964257461440398 -0.0046527858613558334 -0.0062072609557180941 0 -0.0038968436402053962 -0.0051987617954411232 0
0.050599748825767468 -0.0002734883757748701 -0.00037587826178155873 0 -0.00022047869325886221 -0.00030302256082075758 0
0.18774248676474453 0.004173299793949304 0.0055473090995603854 0 0.003231331808620778 0.0042952093620616388 0
0.29375252762861148 0.0081270473530195356 0.010815989646541317 0 0.0060662951104111839 0.0080734099676057162 0
0.3515847558657974 0.011055740079190411 0.014721184880273899 0 0.0080301463720660101 0.010692479066268079 0
0.35158475586575494 0.012521973867301665 0.016679330692597104 0 0.0089706360047699593 0.011948931217400668 0
0.29375252762861215 0.012266365676375674 0.016343712301950114 0 0.0088015149158040991 0.011727143263164798 0
0.18774248676461461 0.010281568884926644 0.013703510979303925 0 0.0074982602879303884 0.0099938534022734216 0
0.050599748825716453 0.0068376025918568907 0.0091178865468915307 0 0.0051284880274303423 0.0068387964002017991 0
-0.096964257461735204 0.0024396256167494774 0.0032598007870294904 0 0.0018961595355035869 0.0025336274155063503 0
-0.23451338386191417 -0.0022667377214035177 -0.0030102864950611232 0 -0.0018306335771090022 -0.002431128878538507 0
-0.34491340907030998 -0.0066097355179209963 -0.0087970382547427096 0 -0.0055350998833443186 -0.0073667827230880561 0
-0.41589300247285266 -0.0099966387941467158 -0.013310572757724921 0 -0.008624599968713469 -0.011483696445754352 0
-0.44038328466540488 -0.011998775287793003 -0.015985453909798004 0 -0.010558922253257844 -0.014067199440622246 0
-0.41598091631022871 -0.012375099058212371 -0.016486631337905906 0 -0.010969851760781191 -0.014614501343442396 0
-0.34506376483538326 -0.011120878916328335 -0.014816676620295087 0 -0.0097955502171771756 -0.013050901909621191 0
-0.2347161646203573 -0.0084286936112216524 -0.011232576869873351 0 -0.0072799553290093045 -0.0097017001227179562 0
-0.097161464137649298 -0.0046557855181350296 -0.0062095974614513674 0 -0.0038993559401029466 -0.0052007186870278669 0
0.050486607307255196 -0.00027521115144285482 -0.00037645374229062101 0 -0.00022186754690567412 -0.00030348649714080942 0
0.18776991088446371 0.0041733990060253238 0.0055495490041696247 0 0.0032314086272422216 0.0042969436910984858 0
0.29392358805167962 0.0081294142491508646 0.010822370870119681 0 0.006068061839433995 0.0080781731225020009 0
0.35184529082396188 0.011060436293606219 0.014732296656283915 0 0.0080335573865149244 0.010700549913373283 0
0.35184529082396465 0.012528510380498733 0.016694245702852654 0 0.0089753187074534703 0.011959616204402546 0
0.29392358805167734 0.012273714465750405 0.016359842802932754 0 0.008806787910348798 0.011738717420396349 0
0.18776991088444869 0.010288356159085767 0.013717227404407329 0 0.0075032101889484382 0.010003856673835996 0
0.050486607307255682 0.0068424525963637559 0.0091257079715201753 0 0.0051321257337334347 0.0068446627959196822 0
-0.097161464137658096 0.0024415708953880767 0.0032596942463847495 0 0.001897671471849257 0.0025335446085141388 0
-0.23471616462035083 -0.0022679351250043237 -0.0030180830143166568 0 -0.0018316006088111214 -0.0024374254031866776 0
-0.34506376483539342 -0.0066135249504834289 -0.0088101093500260862 0 -0.0055382732157231102 -0.0073777286705895917 0
-0.41598091631022616 -0.010001950427248054 -0.013325352352713968 0 -0.0086291825800914497 -0.011496447541107999 0
-0.4407726548704316 -0.011999923075095429 -0.015999077225415877 0 -0.01055993230608398 -0.014079187958365973 0
-0.41629826978396056 -0.012378949095442206 -0.016504398639256339 0 -0.010973264609234857 -0.014630251089047384 0
-0.34519922478041798 -0.011126148654007651 -0.014834142164231543 0 -0.0098001919348379343 -0.013066286000571834 0
-0.23464610277027431 -0.0084335965047835151 -0.011244423475128482 0 -0.0072841900120764087 -0.0097119321659070602 0
-0.096956850559920954 -0.0046588799403975605 -0.0062119570174229283 0 -0.0039019476088522028 -0.0052026948838603615 0
0.050702729793100698 -0.00027599121179036059 -0.00036859930854689013 0 -0.00022249640977998726 -0.00029715447193791149 0
0.18789085599768668 0.0041744453690388626 0.0055649622144994032 0 0.0032322188125286744 0.004308877939599825 0
0.29391159960435564 0.0081312201535036141 0.010840544378694736 0 0.0060694098257652023 0.0080917384262856572 0
0.3517418595295424 0.011061962029760744 0.014748328030556842 0 0.0080346655786900506 0.010712194025936974 0
0.35174185952954784 0.012529241132429052 0.016704997034141539 0 0.0089758422119461442 0.011967318367063266 0
0.29391159960434576 0.012273860298263002 0.016364834847125281 0 0.0088068925499028995 0.011742299373892609 0
0.18789085599765548 0.010288693188839466 0.013718233957784884 0 0.0075034559818664553 0.010004590744608955 0
0.050702729793100768 0.0068438608705215544 0.0091253099323498239 0 0.0051331819982736128 0.006844364249888062 0
-0.096956850559980878 0.0024444535087478018 0.0032595398003913275 0 0.0018999119364400885 0.0025334245678648123 0
-0.2346461027702485 -0.0022640554570924156 -0.0030183812776690098 0 -0.0018284673612895804 -0.0024376662828007956 0
-0.34519922478049991 -0.0066099516629072094 -0.0088127793095370416 0 -0.0055352808866665744 -0.0073799645380516954 0
-0.416298269783974 -0.010000240949587786 -0.013332991778335645 0 -0.0086277077282658644 -0.011503038455447754 0
-0.44079827027169538 -0.011999995186231757 -0.015999942111449197 0 -0.010559995763883948 -0.014079949058075296 0
-0.4163190994711613 -0.012379197971857585 -0.016505542750827776 0 -0.010973485224631195 -0.014631265281683537 0
-0.34520797548922288 -0.011126490123402196 -0.014835274591503664 0 -0.0098004927096801975 -0.013067283471032112 0
-0.23464123148867044 -0.0084339132309281858 -0.011245194128459519 0 -0.0072844635719293456 -0.0097125977876609034 0
-0.096943114882617254 -0.0046590775731174677 -0.0062121107381325298 0 -0.0039021131320098575 -0.0052028236294307424 0
0.050717115605661132 -0.00027603732883682954 -0.00036808823223129488 0 -0.0002225335880553479 -0.00029674245648058642 0
0.18789878827556999 0.0041745176622499528 0.0055659627831997757 0 0.0032322747882227477 0.0043096526669445774 0
0.29391058827388739 0.008131339865495045 0.010841718359201035 0 0.0060694991827280366 0.0080926147238997524 0
0.35173470902917792 0.011062060413752007 0.014749353896346072 0 0.008034737038207446 0.010712939145882505 0
0.35173470902909321 0.012529284515052233 0.016705671487762253 0 0.008975873290889896 0.011967801539923842 0
0.29391058827367389 0.012273863206519161 0.016365131548470888 0 0.0088068946366709477 0.011742512266723931 0
0.18789878827555384 0.010288707808965281 0.013718275809644964 0 0.0075034666441992203 0.010004621266812709 0
0.050717115605601854 0.0068439464558664263 0.0091252722306301888 0 0.0051332461908631354 0.0068443359720209056 0
-0.096943114882647258 0.0024446378343151295 0.0032595339178700861 0 0.0019000552005047568 0.0025334199957703623 0
-0.2346412314884202 -0.0022638030163464611 -0.0030183816500947728 0 -0.0018282634883397407 -0.0024376665835745032 0
-0.34520797548928234 -0.0066097167750584288 -0.0088129251992469047 0 -0.0055350841877667674 -0.0073800867084643923 0
-0.41631909947112955 -0.010000126556436605 -0.013333460631179569 0 -0.0086276090355764112 -0.011503442958231771 0
-0.44075495421744137 -0.011999985491202758 -0.015999486592893509 0 -0.010559987232258429 -0.014079548201746291 0
-0.41628538780085672 -0.01237891423313146 -0.016504381084893809 0 -0.010973233705693872 -0.014630235528060455 0
-0.34519828173161921 -0.01112607179755514 -0.014833860377306014 0 -0.0098001242377390128 -0.013066037795551318 0
-0.23465787559279108 -0.0084335578185900876 -0.011244145740643117 0 -0.0072841565983858651 -0.0097116922835789061 0
-0.096975255563629251 -0.0046589327886400571 -0.0062118947985142642 0 -0.0039019918707941465 -0.0052026427737126447 0
0.050687261100732392 -0.00027613084442850485 -0.00036878925009228673 0 -0.00022260897771457359 -0.0002973075975089932 0
0.1878860710275834 0.0041742770843465477 0.0055646707381961065 0 0.0032320885118778636 0.0043086522532852041 0
0.29391948131446255 0.0081311026442293967 0.010840398588474659 0 0.0060693221129828534 0.0080916296036763168 0
0.35175803802424271 0.01106195770037539 0.014748532564214782 0 0.0080346624341155713 0.010712342585436338 0
0.35175803802424271 0.012529368168523444 0.016705597294920334 0 0.0089759332195280418 0.011967748388800381 0
0.29391948131446244 0.01227408394202527 0.016365676739833902 0 0.0088070530215504407 0.011742903459196107 0
0.18788607102756832 0.01028893670174811 0.013719018832130215 0 0.0075036335737488722 0.010005163146758908 0
0.050687261100739213 0.0068440346651168198 0.0091257239313511547 0 0.0051333123514915842 0.0068446747664606721 0
-0.096975255563661711 0.0024444948389266388 0.0032594020381514666 0 0.0018999440596528337 0.002533317494392986 0
-0.23465787559277965 -0.0022641497857919333 -0.0030190239537271589 0 -0.0018285435418211838 -0.0024381853125765578 0
-0.34519828173162864 -0.0066101207714795752 -0.0088136661488954042 0 -0.0055354225009318705 -0.0073807071917351454 0
-0.41628538780086199 -0.010000392214472038 -0.013333772780307247 0 -0.0086278382320424691 -0.011503712264886961 0
-0.44079922719999676 -0.011999999771456981 -0.015999991780417906 0 -0.010559999798882145 -0.01407999276676776 0
-0.41631990347308379 -0.01237920960742985 -0.016505598845020161 0 -0.010973495538932704 -0.014631315006131981 0
-0.34520838966931328 -0.011126505612209341 -0.014835325565058028 0 -0.0098005063526116001 -0.013067328369822509 0
-0.23464119320347376 -0.0084339281659063531 -0.011245227332451934 0 -0.0072844764714341684 -0.0097126264663141663 0
-0.096942754013854049 -0.004659088218965218 -0.0062121172277990362 0 -0.0039021220482173382 -0.0052028290647154092 0
0.050717558713855714 -0.000276042005376698 -0.0003680662795238366 0 -0.00022253735815122921 -0.0002967247588207121 0
0.18789909668922963 0.0041745183206654485 0.0055660071206662639 0 0.0032322752980253116 0.0043096869968688219 0
0.29391067337650167 0.0081313437222619994 0.010841773742617168 0 0.0060695020615455821 0.00809265606390085 0
0.35173463401767457 0.011062065152084731 0.014749407987444847 0 0.0080347404798138018 0.010712978434020384 0
0.35173463401767496 0.012529288791025541 0.016705715043183873 0 0.008975876354160953 0.011967832742658934 0
0.29391067337650173 0.012273867146626254 0.016365160623871385 0 0.0088068974638254825 0.011742533129266099 0
0.18789909668914043 0.010288712676980798 0.013718291336660214 0 0.0075034701944013196 0.010004632590532187 0
0.050717558713850835 0.0068439536420191313 0.0091252774630396667 0 0.0051332515807783309 0.006844339896546937 0
-0.096942754013922217 0.0024446476340205321 0.0032595312417880743 0 0.0019000628171672142 0.0025334179158289201 0
-0.23464119320336421 -0.0022637921689897668 -0.0030183927248312757 0 -0.0018282547279369827 -0.0024376755276108194 0
-0.34520838966930478 -0.0066097080632957356 -0.0088129476373141093 0 -0.0055350768923951854 -0.007380105498466326 0
-0.41631990347311715 -0.010000123472054612 -0.013333497166855095 0 -0.0086276063745258924 -0.011503474479385279 0
-0.44079998763935752 -0.011999999996421718 -0.01599999987078558 0 -0.010559999996851114 -0.014079999886291314 0
-0.41632049564150675 -0.01237921462640533 -0.016505619280081242 0 -0.010973499987981293 -0.014631333120701384 0
-0.34520856102487146 -0.011126512980194205 -0.014835350397177998 0 -0.0098005128425182244 -0.01306735024257915 0
-0.23464090301464099 -0.0084339344242289581 -0.011245245735615882 0 -0.007284481876816201 -0.0097126423613291754 0
-0.096942192002150596 -0.0046590907805251647 -0.0062121210338435236 0 -0.0039021241935983824 -0.005202832252388493 0
0.050718081309203966 -0.00027604038279288763 -0.0003680540069728724 0 -0.00022253605006946161 -0.00029671486503275263 0
0.18789931992145203 0.0041745225347338197 0.0055660297710220215 0 0.0032322785609236997 0.0043097045347449993 0
0.29391051886702091 0.0081313478986935802 0.010841796914066532 0 0.0060695051789713067 0.0080926733598318135 0
0.35173422713157698 0.011062066995783442 0.014749422467792383 0 0.0080347418189526034 0.010712988951571394 0
0.35173422713157654 0.012529287389595568 0.016705716468063923 0 0.0089758753501883899 0.01196783376343093 0
0.29391051886691089 0.012273863352732568 0.016365151209560488 0 0.0088068947415838057 0.011742526374192923 0
0.1878993199212699 0.010288708734055643 0.013718278437376032 0 0.0075034673188597136 0.010004623183194511 0
0.050718081309016116 0.0068439521425644901 0.0091252696185571656 0 0.0051332504561246136 0.0068443340128568489 0
-0.096942192002583735 0.002444650154066157 0.0032595335548626621 0 0.0019000647758318993 0.002533419713628715 0
-0.23464090301453047 -0.0022637861112180624 -0.0030183815340415468 0 -0.0018282498356372776 -0.0024376664898490886 0
-0.34520856102481862 -0.0066097010278130062 -0.0088129347629018698 0 -0.0055350710007676714 -0.0073800947172244008 0
-0.41632049564147688 -0.010000118872626156 -0.013333491819880305 0 -0.0086276024063690615 -0.01150346986628286 0
-0.43837878424766047 -0.0057023039432114678 -0.0085032080008225243 -0.016984678216938706 -0.0050180274700260923 -0.0074828230407238223 -0.014946516830906063
-0.41412310126217733 -0.0058742247786935263 -0.008767205959040722 -0.017511287312364551 -0.0052071805428508776 -0.0077716508994803172 -0.015522803094623196
-0.34360235588875288 -0.0052728658024902373 -0.007878285178948459 -0.015734997598023919 -0.0046444729904299951 -0.0069393919919695903 -0.013859782153755704
-0.23379102127133275 -0.0039907871719011114 -0.0059740275151565769 -0.011930665366941862 -0.0034468867512687496 -0.0051598332375862475 -0.01030464683175338
-0.096786328105383151 -0.002197912187761766 -0.0033064891131588431 -0.0066018774188134769 -0.0018408154567666967 -0.0027692809116873335 -0.0055292645738529989
0.050392278255335182 -0.00011840667444859847 -0.00020803186420296398 -0.00041267459669667647 -9.5456155244581827e-05 -0.00016770948105462072 -0.00033268673874354827
0.18732930537710005 0.0019922986413106946 0.0029421428539863942 0.0058793638906178237 0.0015426109529138254 0.0022780629858838372 0.0045523150725367157
0.2932628571374975 0.0038686562603549935 0.0057485901678927817 0.011484315475781721 0.0028876921145701978 0.0042909365372762534 0.008572270320446683
0.35107887237721802 0.0052580695287935096 0.0078334296154107357 0.015647494835056962 0.0038191082323096683 0.0056896766708024182 0.011365288346291831
0.35107887237721802 0.0059523532360031151 0.0088834198362401865 0.017743468753018816 0.004264215435829272 0.0063640067191448385 0.012711270709562707
0.29326285713749745 0.0058277367909588887 0.0087105561340521231 0.017397013454007869 0.0041815900197555841 0.0062501063282715602 0.012482920976405869
0.1873293053770807 0.0048805130853717847 0.0073065124692793465 0.01459174687194925 0.0035593164683668768 0.0053285770785414929 0.010641636245016527
0.050392278255330471 0.0032394257692467555 0.0048620585176228403 0.0097088302492158926 0.0024297048636779013 0.0036467473154977322 0.0072820289018779199
-0.096786328105428754 0.0011456277277592831 0.0017373350083365953 0.0034675806286354337 0.00089042061421801418 0.0013503155237445277 0.0026951209353487399
-0.23379102127129028 -0.0010926839956691963 -0.0016063843910685102 -0.0032107797166818271 -0.00088245940090638734 -0.001297327510045137 -0.0025930486366190137
-0.34360235588874788 -0.0031552411229813617 -0.0046896078962313514 -0.0093686597188584343 -0.0026422501663471371 -0.0039271538246851536 -0.0078454678218738607
-0.41412310126217722 -0.0047602553626417679 -0.007090804684191156 -0.014164194212964288 -0.0041069102422453463 -0.006117591634223732 -0.01222015834337351
-0.44018914730414982 -0.0057112888570703228 -0.0085543427837285572 -0.017103229991836923 -0.0050259341942218844 -0.0075278216496811315 -0.015050842392816495
-0.41576689589381638 -0.0058896926856398628 -0.0088234760021424427 -0.017641149011777379 -0.0052208920004685249 -0.0078215312300130273 -0.015637918423014565
-0.34480588628795827 -0.0052919535388246336 -0.0079301516765483606 -0.015854890655891359 -0.0046612859492979573 -0.0069850773092589424 -0.013965386978506297
-0.23443053321074411 -0.0040097989523887288 -0.0060116470916481051 -0.012018932364602957 -0.0034633074350732384 -0.0051923256793556275 -0.010380884007956229
-0.096906969037290347 -0.0022134273543898179 -0.0033225502898687124 -0.0066423181241485139 -0.0018538098605933178 -0.0027827326148563746 -0.0055631348421365974
0.050633506652461101 -0.00012818357656677395 -0.00019990213915596676 -0.00039895788175440573 -0.00010333802077918727 -0.00016115552368865536 -0.00032162870610246108
0.18775602073839026 0.0019889733063697315 0.0029718500121157635 0.0059424607394029097 0.0015400361892736398 0.0023010648524514716 0.0046011701427616236
0.29375052827355108 0.0038712123137678604 0.0057931821645932019 0.011583132649824841 0.0028896000368015926 0.0043242214684200012 0.0086460307052068017
0.35157407722276668 0.0052652525772305531 0.0078844269540786077 0.01576399289896107 0.0038243255158143404 0.0057267177093177548 0.011449904708336477
0.35157407722276568 0.0059628340448185466 0.0089329507296819592 0.017860037100404097 0.0042717237984816114 0.0063994902316298341 0.012794779286177895
0.29375052827355097 0.0058404589929977237 0.0087529154746687834 0.017499785780943935 0.004190718612034741 0.0062805005279960319 0.012556663451750607
0.1877560207383786 0.0048946676609052031 0.0073384364937557778 0.014671536834679907 0.0035696392792921956 0.0053518589966652409 0.01069982638269054
0.050633506652460705 0.0032541203481492292 0.004881916187749363 0.0097600000006676166 0.0024407264126721667 0.0036616413989324463 0.00732040835639598
-0.096906969037448887 0.0011594848478639957 0.0017439599399859521 0.0034861441784078367 0.00090119083659999518 0.0013554646446722401 0.0027095491540360963
-0.23443053321054916 -0.0010816820566420511 -0.0016143502826880349 -0.0032281988654558023 -0.00087357415635152668 -0.0013037608210244435 -0.0026071164656091945
-0.34480588628805725 -0.0031494332495712249 -0.0047133195197268775 -0.0094239882985952469 -0.0026373865588173399 -0.0039470103233435567 -0.0078918008732367356
-0.41576689589381705 -0.0047615438210093335 -0.0071298981711224278 -0.014255424989229827 -0.0041080218596825091 -0.0061513195394834238 -0.012298867694219135
-0.44064693530140286 -0.0057135364115540946 -0.0085671552071403898 -0.017132945197493275 -0.0050279120421676043 -0.0075390965822835438 -0.015076991773794084
-0.41618183327087543 -0.0058935705526680466 -0.0088375881798285014 -0.017673724243701484 -0.0052243295185237012 -0.0078340409074313354 -0.015666794593104157
-0.34510782351845437 -0.0052967419600232716 -0.0079431667000197936 -0.015884979003868371 -0.0046655037112810849 -0.0069965412697022998 -0.013991889553147946
-0.23458844093774553 -0.0040145681261538786 -0.006021088538208404 -0.012041085719631955 -0.0034674266228819335 -0.0052004803605399923 -0.010400018104227575
-0.096933617598830249 -0.0022173171137782922 -0.0033265782382760757 -0.0066524604085834637 -0.0018570676473444339 -0.0027861061389346424 -0.0055716293006771783
0.050696745236084285 -0.00013063149071597803 -0.00019785526424147834 -0.00039549898539359245 -0.00010531146082502905 -0.00015950539027756539 -0.00031884024042237833
0.18786344703104801 0.0019881441112218016 0.0029793115711130836 0.0059583127673316265 0.0015393941542439632 0.0023068422406383681 0.004613444162028457
0.29387064134453911 0.0038718556339758289 0.0058043720104488869 0.011607935132133563 0.0028900802321373043 0.0043325739369429479 0.0086645440927410281
0.3516944187513254 0.0052670511774932718 0.0078972117075272723 0.015793206915918245 0.0038256318981343849 0.0057360036947685881 0.011471123806343646
0.35169441875132573 0.0059654540157509772 0.0089453545113444815 0.017889241579070455 0.0042736007234638052 0.0064083761957403071 0.012815701127303045
0.29387064134453883 0.0058436374914608595 0.008763512312683016 0.017525512052716758 0.0041929992876946097 0.0062881041027062047 0.012575122885515296
0.18786344703060087 0.0048982057644112332 0.00734641735500631 0.014691499631062603 0.0035722195879309628 0.0053576793705447648 0.010714385079425225
0.050696745235943919 0.0032577984072592174 0.0048868818850367809 0.009772805008367913 0.002443485110893707 0.0036653658796615093 0.0073300126479294387
-0.096933617599576388 0.0011629598509224049 0.0017456235258154129 0.0034908029162886954 0.00090389172649878462 0.001356757639840025 0.0027131700826718485
-0.23458844093729808 -0.0010789165253571869 -0.0016163308132178347 -0.003232535924248439 -0.00087134069352924517 -0.0013053603116289835 -0.0026106191052735575
-0.34510782351864361 -0.003147966753983435 -0.0047192414865604706 -0.0094378195545324877 -0.0026361584915921251 -0.0039519694745593524 -0.0079033833916169558
-0.4161818332708126 -0.0047618575182615426 -0.0071396804514820989 -0.014278266965436982 -0.004108292501982116 -0.0061597592017160309 -0.012318574608846972
-0.44074699118119998 -0.0057142555733180845 -0.0085707775988057792 -0.017141107553989985 -0.0050285449045199149 -0.0075422842869490858 -0.015084174647511189
-0.41627737917857532 -0.0058946196198772678 -0.0088412895172875882 -0.017682116836102407 -0.00522525945950584 -0.007837321941631694 -0.015674234169473909
-0.34519022878111649 -0.0052979693544571481 -0.0079464206849182185 -0.015892428827224386 -0.0046665848312090847 -0.0069994074615490308 -0.013998451545175915
-0.23465018159043494 -0.0040157942980464075 -0.006023417133439575 -0.012046529622832005 -0.0034684856810248722 -0.0052024915938395045 -0.010404720063266525
-0.096968946460256542 -0.0022183668514422286 -0.0033276368334979349 -0.006655119890244041 -0.0018579468332045809 -0.0027869927432574667 -0.0055738566940075557
0.050690950749896747 -0.00013136256927042344 -0.00019749491003832366 -0.00039500785211607232 -0.00010590083594525871 -0.0001592148827794067 -0.00031844430248557666
0.18788654154580514 0.001987822493829 0.0029810214774550325 0.0059618569777461329 0.0015391451300753489 0.0023081661989028846 0.0046161883981040543
0.29391719315204762 0.0038719756817777607 0.0058071644173074378 0.011614002178879191 0.002890169839760127 0.0043346582811501977 0.008669072735728936
0.35175422605129136 0.0052675877276261397 0.007900676666975465 0.015800931902994118 0.0038260216120813498 0.0057385204083800654 0.011476734717643773
0.35175422605129175 0.0059663312989548384 0.0089490109790234546 0.017897563345727247 0.004274229201719576 0.0064109956582115496 0.012821662770442202
0.29391719315204728 0.0058447403309692158 0.0087668795447569114 0.017533324556694048 0.004193790610783993 0.0062905202008484967 0.012580728610315946
0.18788654154578299 0.0048993941653803635 0.0073490734060325854 0.014697793258126847 0.0035730862785977955 0.0053596164058509459 0.010718974967837299
0.050690950749880961 0.0032589231017310129 0.0048885041599023233 0.0097767813448601873 0.0024443286788044818 0.0036665826536862304 0.0073329950666675423
-0.09696894646030621 0.001163876876834043 0.0017460136567646646 0.0034919561434626815 0.00090460447005038483 0.001357060862807697 0.0027140664098326806
-0.23465018159039844 -0.00107833146942905 -0.0016172314957965958 -0.0032343685717765849 -0.00087086819818211233 -0.0013060877093139592 -0.0026120991645095033
-0.34519022878114314 -0.0031478022934626833 -0.0047213414611468902 -0.0094424338396495965 -0.0026360207696807473 -0.003953728027387496 -0.0079072474689229517
-0.41627737917854724 -0.0047621496477990907 -0.0071427346732871096 -0.014285096714555332 -0.0041085445367362253 -0.0061623942315321882 -0.012324466974795709
-0.44079662805329145 -0.0057142838283566217 -0.0085713877113638894 -0.017142747250136314 -0.0050285697689538278 -0.0075428211860002238 -0.015085617580119958
-0.41631776415114274 -0.0058948486546219767 -0.0088422326831763508 -0.017684436244914992 -0.0052254624863410761 -0.0078381580068572626 -0.015676290199145022
-0.34520740486593665 -0.0052983161176027617 -0.0079474405090816692 -0.015894855008513845 -0.0046668902689206079 -0.0070003057483554003 -0.014000588586756502
-0.23464150109128684 -0.0040161362125512743 -0.0060241869504786029 -0.012048354697156653 -0.0034687809963414072 -0.0052031564932787456 -0.010406296400023845
-0.096943898891516361 -0.0022185990765991692 -0.0033279040154386525 -0.0066557983592601703 -0.0018581413285355254 -0.0027872165159127079 -0.0055744249315644442
0.050716353705248365 -0.00013144254393949876 -0.00019719223080696653 -0.00039438564344031982 -0.00010596530929072192 -0.00015897087123333187 -0.0003179426952221028
0.18789850842462991 0.001987864861389417 0.0029817523981588807 0.0059634930223312638 0.001539177934726917 0.0023087321413073451 0.0046174551661699193
0.29391094737835011 0.0038720643315721562 0.0058080461634933394 0.011616071707839218 0.0028902360108787294 0.0043353164454679157 0.0086706175001268447
0.35173550474328952 0.0052676469267095702 0.0079014260669678805 0.015802825586929081 0.0038260646103158991 0.0057390647221561867 0.011478110162351342
0.35173550474326498 0.0059663276477570394 0.0089494610274958933 0.0178988932161992 0.0042742265860324022 0.0064113180691248405 0.012822615478382964
0.29391094737832474 0.0058446997270106592 0.0087670352548743363 0.017534043223255937 0.0041937614761277872 0.006290631927904188 0.012581244276865506
0.18789850842462946 0.0048993858527496634 0.0073490778352479288 0.014698133488923468 0.0035730802162672933 0.0053596196360398297 0.01071922309524855
0.050716353705202874 0.0032590185411166999 0.0048885354111248723 0.0097770565844848452 0.0024444002623369063 0.0036666060934106856 0.0073332015079019923
-0.096943898891722127 0.0011641038878988951 0.0017461682505357527 0.003492332028331973 0.00090478091072731864 0.0013571810183148228 0.0027143585602652162
-0.23464150109120935 -0.0010780147436329835 -0.0016170055798945464 -0.0032340052483804437 -0.00087061240816655784 -0.0013059052580175481 -0.0026118057419392405
-0.34520740486606394 -0.0031474972917678434 -0.0047212233942253885 -0.0094424311585075138 -0.0026357653563074054 -0.0039536291562296917 -0.0079072452236910225
-0.41631776415117872 -0.0047619733071318599 -0.00714292933343285 -0.014285835247984999 -0.0041083923988282341 -0.0061625621745699868 -0.012325104144501003
-0.44079978834240791 -0.00571428559638205 -0.0085714260149443271 -0.017142850266045388 -0.0050285713248162051 -0.0075428548931510088 -0.015085708234119942
-0.4163203332364574 -0.005894863175010796 -0.0088422922390571836 -0.017684582654342862 -0.0052254753578754457 -0.007838210799904103 -0.015676419983134033
-0.34520849116414609 -0.0052983381004227991 -0.0079475050411769287 -0.015895008453193991 -0.004666909631942111 -0.0070003625898500781 -0.014000723744695119
-0.23464093630649047 -0.0040161578507422729 -0.0060242356870618251 -0.012048470171308296 -0.0034687996854848423 -0.0052031985876014372 -0.01040639613631803
-0.096942290773607886 -0.0022186137002411237 -0.0033279208877452257 -0.0066558411700618275 -0.0018581535762614784 -0.0027872306469607566 -0.0055744607868574115
0.050717980687289263 -0.000131447462099011 -0.00019717297260332537 -0.00039434601993998484 -0.00010596927417361484 -0.00015895534580720984 -0.0003179107518623479
0.18789927234999604 0.0019878677128391596 0.0029817987574455238 0.0059635967766411982 0.0015391801425674049 0.0023087680367006673 0.0046175355017840682
0.29391054349367668 0.0038720700740451797 0.0058081019590674491 0.011616202626236506 0.0028902402972492292 0.004335358093117264 0.0086707152219191296
0.35173430128751343 0.0052676507109141665 0.0079014732920101617 0.015802944921570632 0.003826067358907725 0.0057390990232521989 0.011478196839012701
0.35173430128750161 0.0059663273393951296 0.0089494891052319565 0.017898976405292526 0.0042742263651245425 0.0064113381837771089 0.012822675074344725
0.29391054349328016 0.0058446969909485723 0.0087670445920211143 0.017534087476641032 0.0041937595129145659 0.0062906386276096104 0.012581276030103528
0.18789927234955658 0.004899385132246567 0.0073490776420898248 0.014698153896523526 0.0035730796908105445 0.005359619495171275 0.010719237978336803
0.050717980687146912 0.003259024426962564 0.0048885371174659242 0.0097770733442680072 0.0024444046769675669 0.0036666073732378674 0.0073332140784405876
-0.096942290773992579 0.001164118185275237 0.0017461780544252184 0.0034923558289156175 0.00090479202313173705 0.001357188638229275 0.0027143770588837417
-0.23464093630618493 -0.0010779946815955819 -0.0016169909900611039 -0.0032339816105126668 -0.00087059620592183152 -0.0013058934751638317 -0.0026117866518283583
-0.3452084911643466 -0.0031474779221208355 -0.0047212154755049826 -0.0094424299731782069 -0.0026357491358503841 -0.0039536225249646026 -0.0079072442310770073
-0.4163203332364398 -0.0047619620840122666 -0.007142941211602024 -0.01428588095750607 -0.0041083827160819748 -0.0061625724224602628 -0.012325143580389617
-0.44079785912549596 -0.0057142856330546967 -0.0085714219180656921 -0.017142836416003938 -0.0050285713570881333 -0.0075428512878978095 -0.015085696046083468
-0.41631883959727251 -0.0058948563172518138 -0.0088422729724719658 -0.017684537091919569 -0.0052254692788453634 -0.0078381937211249517 -0.015676379594525662
-0.34520808181507856 -0.0052983277636594484 -0.0079474790904797855 -0.015894949671436738 -0.0046669005270606303 -0.0070003397318224928 -0.014000671968242971
-0.23464170752298086 -0.0040161490591883739 -0.006024215177840497 -0.012048424196017949 -0.0034687920921230935 -0.0052031808735615174 -0.010406356426954349
-0.096943748620485437 -0.0022186104688832128 -0.0033279153809625964 -0.006655828468773042 -0.001858150869905136 -0.0027872260348699557 -0.0055744501491582143
0.050716640520700088 -0.00013145078871649204 -0.00019718464385262138 -0.00039437132577256357 -0.00010597195599975511 -0.00015896475484255307 -0.00031793115271808056
0.18789872885935072 0.0019878602205203799 0.002981776078346321 0.0059635465167945274 0.0015391743413623181 0.002308750476568814 0.0046174965862377949
0.29391100923697666 0.0038720628222024892 0.0058080795000427371 0.011616151344828978 0.0028902348842356289 0.0043353413289634601 0.008670676943792005
0.35173544612680707 0.0052676477732689847 0.0079014615906528446 0.015802915309881208 0.0038260652251997478 0.0057390905241728679 0.011478175331072147
0.35173544612681296 0.0059663303491369673 0.0089494927523462546 0.017898978788545711 0.0042742285212780994 0.0064113407965388971 0.012822676781687119
0.29391100923696295 0.0058447043051508265 0.0087670600845729113 0.017534115206963387 0.0041937647610917313 0.0062906497440176259 0.012581295927508533
0.18789872885932152 0.0048993926687658689 0.0073490953833471049 0.014698187463340692 0.0035730851871296396 0.0053596324337185346 0.01071926245832959
0.050716640520695737 0.0032590277736518846 0.0048885465463870837 0.0097770910696129872 0.0024444071871245819 0.0036666144453232404 0.0073332273731909472
-0.096943748620533954 0.0011641149471498728 0.0017461733036671524 0.0034923456834681623 0.0009047895063511931 0.0013571849457794389 0.0027143691734988688
-0.23464170752294816 -0.0010780035058422478 -0.0016170078470106961 -0.003234015238813592 -0.0008706033324464784 -0.0013059070889567467 -0.0026118138102844217
-0.34520808181511586 -0.0031474883130872006 -0.0047212353709425395 -0.0094424682843271442 -0.0026357578374143964 -0.0039536391857271699 -0.0079072763134554087
-0.41631883959728033 -0.0047619690101637826 -0.0071429528377362139 -0.014285900690371115 -0.0041083886916190903 -0.006162582452907359 -0.012325160604918636
-0.4407999654929125 -0.005714285713014129 -0.00857142846674145 -0.017142856816367104 -0.0050285714274524336 -0.0075428570507324773 -0.015085713998403055
-0.41632047842548697 -0.0058948640205234906 -0.0088422958476866466 -0.017684591554530102 -0.0052254761073764295 -0.0078382139987577103 -0.015676427872665596
-0.34520855606233447 -0.0052983393812674508 -0.0079475088712596936 -0.015895017606574621 -0.004666910760142336 -0.0070003659634834342 -0.014000731807223296
-0.23464091137756143 -0.0040161591334228978 -0.0060242385653146296 -0.012048477032118435 -0.0034688007933501982 -0.0052032010735800259 -0.01040640206207517
-0.096942208147286463 -0.00221861461001576 -0.0033279219093833023 -0.0066558437823208798 -0.0018581543382242274 -0.0027872315026123938 -0.005574462974700432
0.050718066407351686 -0.00013144783794208966 -0.00019717189167803208 -0.00039434381646382896 -0.00010596957716781224 -0.00015895447439541599 -0.0003179089754813882
0.18789931394734818 0.0019878677815756631 0.0029818014451161085 0.0059636027995524608 0.0015391801957891865 0.0023087701177290812 0.004617540165246006
0.29391052430521725 0.0038720703365219232 0.0058081052701751635 0.011616210417988609 0.0028902404931704928 0.0043353605646368294 0.0086707210379388527
0.35173424029340117 0.0052676509129647043 0.0079014762098816096 0.015802952294906546 0.0038260675056636523 0.0057391011425978649 0.011478202194508236
0.35173424029334566 0.0059663273666372219 0.0089494910074617504 0.01789898190953668 0.0042742263846405467 0.0064113395465184185 0.012822679017538611
0.29391052430525377 0.0058446969267971554 0.0087670454500332114 0.017534090823280304 0.004193759466883845 0.0062906392432610977 0.012581278431425667
0.18789931394718434 0.0048993852040832512 0.007349077909494935 0.014698155768513556 0.0035730797432004242 0.005359619690187536 0.010719239343563128
0.050718066407365855 0.0032590248666413317 0.0048885373784728903 0.0097770747259529819 0.0024444050067450383 0.0036666075690040124 0.0073332151147621292
-0.096942208147539982 0.0011641190735269828 0.0017461786236167222 0.0034923572323999311 0.00090479271351103386 0.0013571890806241614 0.0027143781497192148
-0.23464091137730028 -0.0010779935028896635 -0.0016169902975284628 -0.003233980589161755 -0.00087059525399051118 -0.0013058929158695236 -0.0026117858269780656
-0.34520855606234507 -0.003147476813660603 -0.0047212152692222044 -0.0094424305012898706 -0.0026357482076077806 -0.0039536223522200521 -0.0079072446733262931
-0.41632047842544395 -0.004761961456011982 -0.007142942175438048 -0.014285884273304855 -0.0041083821742747386 -0.0061625732540097778 -0.012325146441094968
-0.44079999945718523 -0.0057142857142658205 -0.0085714285697899833 -0.017142857137745417 -0.0050285714285539223 -0.0075428571414151869 -0.015085714281215969
-0.41632050484165023 -0.0058948641445754346 -0.0088422962139889667 -0.017684592425767247 -0.0052254762173417259 -0.0078382143234647806 -0.015676428644969907
-0.34520856367933073 -0.0052983395682635361 -0.0079475093492425639 -0.015895018696349135 -0.0046669109248531973 -0.007000366384502783 -0.01400073276712413
-0.23464089849041214 -0.0040161592952955242 -0.0060242389408231454 -0.012048477880098107 -0.0034688009331613648 -0.005203201397910859 -0.010406402794484536
-0.096942183250246949 -0.0022186146759672742 -0.0033279220138603093 -0.0066558440271487097 -0.0018581543934605407 -0.0027872315901149294 -0.0055744631797508696
0.05071808944356599 -0.0001314477893718882 -0.00019717168617362736 -0.00039434337286967623 -0.00010596953801187175 -0.00015895430872350222 -0.00031790861786816689
0.1878993233970368 0.0019878679044622789 0.0029818018531247575 0.005963603704822352 0.0015391802909386965 0.0023087704336448773 0.004617540866184721
0.29391051646823718 0.0038720704583900031 0.0058081056839019273 0.011616211365881007 0.002890240584136831 0.0043353608734560756 0.0086707217454768757
0.35173422081052241 0.0052676509638259128 0.007901476443237021 0.015802952884515633 0.0038260675426058151 0.0057391013120915487 0.011478202622760642
0.35173422081044925 0.0059663273182365903 0.0089494909766943045 0.017898981951740195 0.0042742263499667438 0.0064113395244768806 0.012822679047772852
0.29391051646840999 0.0058446968070573523 0.0087670452115337395 0.017534090421870773 0.0041937593809666558 0.0062906390721299971 0.01258127814340132
0.18789932339648047 0.0048993850827051769 0.0073490776256875407 0.01469815525059124 0.0035730796546804325 0.0053596194832092299 0.010719238965846811
0.050718089443067382 0.0032590248187561932 0.0048885372293697004 0.0097770744582576959 0.0024444049708291812 0.0036666074571703815 0.0073332149139794635
-0.096942183251166075 0.001164119139247431 0.0017461787090775754 0.0034923574179216285 0.00090479276459118883 0.0013571891470472272 0.0027143782939129525
-0.23464089848960862 -0.0010779933421329021 -0.0016169900138851639 -0.003233980027683327 -0.00087059512416220238 -0.001305892686797169 -0.002611785373524076
-0.34520856367942121 -0.0031474766285144837 -0.0047212149435467386 -0.009442429886518288 -0.0026357480525634131 -0.0039536220794941287 -0.0079072441585065836
-0.41632050484144179 -0.0047619613342943573 -0.0071429420013153777 -0.014285884001420456 -0.00410838206926286 -0.0061625731037854466 -0.012325146206526708
nan nan nan nan nan nan nan
