2026/08/24 19:45:17.551, 0, NVIDIA A100-PCIE-40GB, 40960, 5815, 34626
2026/08/24 19:45:18.553, 0, NVIDIA A100-PCIE-40GB, 40960, 5815, 34626
2026/08/24 19:45:19.553, 0, NVIDIA A100-PCIE-40GB, 40960, 5815, 34626
2026/08/24 19:45:20.553, 0, NVIDIA A100-PCIE-40GB, 40960, 5815, 34626
2026/08/24 19:45:21.553, 0, NVIDIA A100-PCIE-40GB, 40960, 5815, 34626
2026/08/24 19:45:22.554, 0, NVIDIA A100-PCIE-40GB, 40960, 5815, 34626
2026/08/24 19:45:23.554, 0, NVIDIA A100-PCIE-40GB, 40960, 5815, 34626
2026/08/24 19:45:24.554, 0, NVIDIA A100-PCIE-40GB, 40960, 5815, 34626
2026/08/24 19:45:25.555, 0, NVIDIA A100-PCIE-40GB, 40960, 5815, 34626
2026/08/24 19:45:26.555, 0, NVIDIA A100-PCIE-40GB, 40960, 5815, 34626
2026/08/24 19:45:27.555, 0, NVIDIA A100-PCIE-40GB, 40960, 5815, 34626
2026/08/24 19:45:28.556, 0, NVIDIA A100-PCIE-40GB, 40960, 5815, 34626
2026/08/24 19:45:29.556, 0, NVIDIA A100-PCIE-40GB, 40960, 5815, 34626
2026/08/24 19:45:30.557, 0, NVIDIA A100-PCIE-40GB, 40960, 5815, 34626
2026/08/24 19:45:31.557, 0, NVIDIA A100-PCIE-40GB, 40960, 5815, 34626
2026/08/24 19:45:32.557, 0, NVIDIA A100-PCIE-40GB, 40960, 5815, 34626
2026/08/24 19:45:33.557, 0, NVIDIA A100-PCIE-40GB, 40960, 5815, 34626
2026/08/24 19:45:34.559, 0, NVIDIA A100-PCIE-40GB, 40960, 5815, 34626
2026/08/24 19:45:35.559, 0, NVIDIA A100-PCIE-40GB, 40960, 5815, 34626
2026/08/24 19:45:36.560, 0, NVIDIA A100-PCIE-40GB, 40960, 5815, 34626
2026/08/24 19:45:37.560, 0, NVIDIA A100-PCIE-40GB, 40960, 5815, 34626
2026/08/24 19:45:38.561, 0, NVIDIA A100-PCIE-40GB, 40960, 5815, 34626
2026/08/24 19:45:39.561, 0, NVIDIA A100-PCIE-40GB, 40960, 5815, 34626
2026/08/24 19:45:40.561, 0, NVIDIA A100-PCIE-40GB, 40960, 5815, 34626
2026/08/24 19:45:41.561, 0, NVIDIA A100-PCIE-40GB, 40960, 5815, 34626
2026/08/24 19:45:42.562, 0, NVIDIA A100-PCIE-40GB, 40960, 5815, 34626
2026/08/24 19:45:43.562, 0, NVIDIA A100-PCIE-40GB, 40960, 5815, 34626
2026/08/24 19:45:44.562, 0, NVIDIA A100-PCIE-40GB, 40960, 5815, 34626
2026/08/24 19:45:45.563, 0, NVIDIA A100-PCIE-40GB, 40960, 5815, 34626
2026/08/24 19:45:46.563, 0, NVIDIA A100-PCIE-40GB, 40960, 5815, 34626
2026/08/24 19:45:47.563, 0, NVIDIA A100-PCIE-40GB, 40960, 5815, 34626
2026/08/24 19:45:48.564, 0, NVIDIA A100-PCIE-40GB, 40960, 5815, 34626
2026/08/24 19:45:49.566, 0, NVIDIA A100-PCIE-40GB, 40960, 5815, 34626
2026/08/24 19:45:50.567, 0, NVIDIA A100-PCIE-40GB, 40960, 5815, 34626
2026/08/24 19:45:51.567, 0, NVIDIA A100-PCIE-40GB, 40960, 5815, 34626
2026/08/24 19:45:52.567, 0, NVIDIA A100-PCIE-40GB, 40960, 5815, 34626
