# Athena++ data at time=5.302083e+00  cycle=1022 
# gid   i       x1v         z4c_chi         z4c_gxx         z4c_gxy         z4c_gxz         z4c_gyy         z4c_gyz         z4c_gzz         z4c_Khat         z4c_Axx         z4c_Axy         z4c_Axz         z4c_Ayy         z4c_Ayz         z4c_Azz         z4c_Gamx         z4c_Gamy         z4c_Gamz         z4c_Theta         z4c_alpha         z4c_betax         z4c_betay         z4c_betaz     
00054 0004 -9.79167e+00  8.19079e-01  1.00252e+00 -8.30901e-05 -8.30901e-05  9.98742e-01  1.78470e-06  9.98742e-01 -3.91651e-04 -6.98100e-04  2.29872e-05  2.29872e-05  3.47731e-04 -5.00382e-07  3.47731e-04  2.70626e-04 -5.78901e-06 -5.78901e-06 -5.16193e-06  9.06420e-01  6.95254e-05 -1.45305e-06 -1.45305e-06
00054 0005 -9.37500e+00  8.11985e-01  1.00317e+00 -1.09026e-04 -1.09026e-04  9.98420e-01  2.45023e-06  9.98420e-01 -4.78401e-04 -8.65966e-04  2.95894e-05  2.95894e-05  4.30927e-04 -6.68565e-07  4.30927e-04  3.53304e-04 -7.89373e-06 -7.89373e-06 -5.90980e-06  9.02806e-01  8.90194e-05 -1.94548e-06 -1.94548e-06
00054 0006 -8.95833e+00  8.04305e-01  1.00395e+00 -1.41820e-04 -1.41820e-04  9.98031e-01  3.32781e-06  9.98031e-01 -5.91152e-04 -1.07701e-03  3.83419e-05  3.83419e-05  5.35319e-04 -9.02427e-07  5.35319e-04  4.44957e-04 -1.02642e-05 -1.02642e-05 -6.37440e-06  8.98928e-01  1.09371e-04 -2.46988e-06 -2.46988e-06
00054 0007 -8.54167e+00  7.95963e-01  1.00491e+00 -1.83944e-04 -1.83944e-04  9.97555e-01  4.51529e-06  9.97555e-01 -7.37935e-04 -1.34608e-03  5.00602e-05  5.00602e-05  6.68098e-04 -1.23218e-06  6.68098e-04  5.51325e-04 -1.31435e-05 -1.31435e-05 -6.42109e-06  8.94761e-01  1.31792e-04 -3.09037e-06 -3.09037e-06
00054 0008 -8.12500e+00  7.86871e-01  1.00610e+00 -2.38889e-04 -2.38889e-04  9.96965e-01  6.15183e-06  9.96965e-01 -9.30099e-04 -1.69362e-03  6.59406e-05  6.59406e-05  8.39092e-04 -1.70219e-06  8.39092e-04  6.79666e-04 -1.68488e-05 -1.68488e-05 -6.02163e-06  8.90279e-01  1.57551e-04 -3.86142e-06 -3.86142e-06
00054 0009 -7.70833e+00  7.76923e-01  1.00759e+00 -3.11772e-04 -3.11772e-04  9.96226e-01  8.44832e-06  9.96226e-01 -1.18257e-03 -2.14805e-03  8.77976e-05  8.77976e-05  1.06186e-03 -2.38299e-06  1.06186e-03  8.35871e-04 -2.18398e-05 -2.18398e-05 -5.63259e-06  8.85456e-01  1.87791e-04 -4.85223e-06 -4.85223e-06
00054 0010 -7.29167e+00  7.65993e-01  1.00949e+00 -4.10096e-04 -4.10096e-04  9.95289e-01  1.17337e-05  9.95289e-01 -1.51304e-03 -2.74679e-03  1.18332e-04  1.18332e-04  1.35398e-03 -3.38940e-06  1.35398e-03  1.02114e-03 -2.83312e-05 -2.83312e-05 -4.85271e-06  8.80267e-01  2.22860e-04 -6.12313e-06 -6.12313e-06
00054 0011 -6.87500e+00  7.53928e-01  1.01193e+00 -5.44748e-04 -5.44748e-04  9.94088e-01  1.65195e-05  9.94088e-01 -1.94289e-03 -3.54183e-03  1.61248e-04  1.61248e-04  1.73951e-03 -4.89581e-06  1.73951e-03  1.23119e-03 -3.62923e-05 -3.62923e-05 -4.10532e-06  8.74685e-01  2.61665e-04 -7.66859e-06 -7.66859e-06
00055 0004 -6.45833e+00  7.40547e-01  1.01511e+00 -7.31916e-04 -7.31916e-04  9.92531e-01  2.36158e-05  9.92531e-01 -2.49864e-03 -4.60544e-03  2.22264e-04  2.22264e-04  2.25118e-03 -7.17574e-06  2.25118e-03  1.44657e-03 -4.56280e-05 -4.56280e-05 -4.55735e-06  8.68685e-01  3.00597e-04 -9.43156e-06 -9.43156e-06
00055 0005 -6.04167e+00  7.25628e-01  1.01929e+00 -9.95981e-04 -9.95981e-04  9.90496e-01  3.43405e-05  9.90496e-01 -3.20610e-03 -6.03311e-03  3.10267e-04  3.10267e-04  2.93075e-03 -1.06905e-05  2.93075e-03  1.61215e-03 -5.47239e-05 -5.47239e-05 -5.14913e-06  8.62239e-01  3.30568e-04 -1.11763e-05 -1.11763e-05
00055 0006 -5.62500e+00  7.08908e-01  1.02482e+00 -1.37386e-03 -1.37386e-03  9.87818e-01  5.08744e-05  9.87818e-01 -4.08093e-03 -7.94631e-03  4.37511e-04  4.37511e-04  3.82853e-03 -1.61938e-05  3.82853e-03  1.60896e-03 -5.87508e-05 -5.87508e-05 -4.12106e-06  8.55309e-01  3.32672e-04 -1.21455e-05 -1.21455e-05
00055 0007 -5.20833e+00  6.90069e-01  1.03222e+00 -1.92180e-03 -1.92180e-03  9.84274e-01  7.68664e-05  9.84274e-01 -5.12161e-03 -1.05149e-02  6.22690e-04  6.22690e-04  5.01093e-03 -2.49061e-05  5.01093e-03  1.21089e-03 -4.75280e-05 -4.75280e-05 -1.70134e-06  8.47830e-01  2.71910e-04 -1.07265e-05 -1.07265e-05
00055 0008 -4.79167e+00  6.68727e-01  1.04216e+00 -2.72688e-03 -2.72688e-03  9.79570e-01  1.18549e-04  9.79570e-01 -6.29728e-03 -1.39858e-02  8.95716e-04  8.95716e-04  6.56827e-03 -3.89372e-05  6.56827e-03  7.59927e-06  6.61176e-07  6.61176e-07 -2.01530e-06  8.39682e-01  8.86081e-05 -3.71641e-06 -3.71641e-06
00055 0009 -4.37500e+00  6.44416e-01  1.05561e+00 -3.92692e-03 -3.92692e-03  9.73319e-01  1.86949e-04  9.73319e-01 -7.53431e-03 -1.87198e-02  1.30465e-03  1.30465e-03  8.62065e-03 -6.20995e-05  8.62065e-03 -2.73437e-03  1.30263e-04  1.30263e-04 -8.04509e-06  8.30645e-01 -3.14018e-04  1.50053e-05  1.50053e-05
00055 0010 -3.95833e+00  6.16566e-01  1.07391e+00 -5.74656e-03 -5.74656e-03  9.65004e-01  3.02349e-04  9.65004e-01 -8.70263e-03 -2.52571e-02  1.93094e-03  1.93094e-03  1.13275e-02 -1.01574e-04  1.13275e-02 -8.26001e-03  4.34084e-04  4.34084e-04 -7.30968e-06  8.20330e-01 -1.08493e-03  5.69792e-05  5.69792e-05
00055 0011 -3.54167e+00  5.84460e-01  1.09911e+00 -8.56690e-03 -8.56690e-03  9.53917e-01  5.03647e-04  9.53917e-01 -9.60715e-03 -3.45428e-02  2.92019e-03  2.92019e-03  1.49453e-02 -1.71706e-04  1.49453e-02 -1.87355e-02  1.10111e-03  1.10111e-03 -5.08124e-06  8.08074e-01 -2.44164e-03  1.43462e-04  1.43462e-04
00188 0004 -3.22917e+00  5.56092e-01  1.12646e+00 -5.94745e-03 -5.94745e-03  9.42229e-01  1.91744e-04  9.42229e-01 -9.94998e-03 -4.50307e-02  2.06111e-03  2.06111e-03  1.88118e-02 -6.64247e-05  1.88118e-02 -3.27684e-02  1.05566e-03  1.05566e-03 -4.54023e-06  7.96573e-01 -4.10077e-03  1.32165e-04  1.32165e-04
00188 0005 -3.02083e+00  5.35791e-01  1.14807e+00 -7.41107e-03 -7.41107e-03  9.33337e-01  2.55478e-04  9.33337e-01 -9.90960e-03 -5.37124e-02  2.60681e-03  2.60681e-03  2.18006e-02 -8.98645e-05  2.18006e-02 -4.61082e-02  1.58954e-03  1.58954e-03 -4.39696e-06  7.87789e-01 -5.54778e-03  1.91269e-04  1.91269e-04
00188 0006 -2.81250e+00  5.13752e-01  1.17417e+00 -9.31639e-03 -9.31639e-03  9.22931e-01  3.45003e-04  9.22931e-01 -9.57667e-03 -6.46794e-02  3.33901e-03  3.33901e-03  2.53689e-02 -1.23656e-04  2.53689e-02 -6.43576e-02  2.38331e-03  2.38331e-03 -7.37441e-06  7.77614e-01 -7.36224e-03  2.72708e-04  2.72708e-04
00188 0007 -2.60417e+00  4.89747e-01  1.20604e+00 -1.18316e-02 -1.18316e-02  9.10697e-01  4.73218e-04  9.10697e-01 -8.84608e-03 -7.87576e-02  4.34363e-03  4.34363e-03  2.96539e-02 -1.73714e-04  2.96539e-02 -8.95015e-02  3.58014e-03  3.58014e-03 -6.72366e-06  7.65653e-01 -9.61147e-03  3.84455e-04  3.84455e-04
00188 0008 -2.39583e+00  4.63499e-01  1.24545e+00 -1.52104e-02 -1.52104e-02  8.96247e-01  6.61279e-04  8.96247e-01 -7.56967e-03 -9.72521e-02  5.75481e-03  5.75481e-03  3.48589e-02 -2.50170e-04  3.48589e-02 -1.24516e-01  5.41479e-03  5.41479e-03 -1.18439e-05  7.51379e-01 -1.23617e-02  5.37423e-04  5.37423e-04
00188 0009 -2.18750e+00  4.34672e-01  1.29489e+00 -1.98444e-02 -1.98444e-02  8.79091e-01  9.44911e-04  8.79091e-01 -5.52113e-03 -1.22101e-01  7.79526e-03  7.79526e-03  4.12221e-02 -3.71165e-04  4.12221e-02 -1.73984e-01  8.28596e-03  8.28596e-03 -1.00677e-05  7.34086e-01 -1.56657e-02  7.45886e-04  7.45886e-04
00188 0010 -1.97917e+00  4.02853e-01  1.35806e+00 -2.63587e-02 -2.63587e-02  8.58617e-01  1.38713e-03  8.58617e-01 -2.35537e-03 -1.56434e-01  1.08446e-02  1.08446e-02  4.90600e-02 -5.70745e-04  4.90600e-02 -2.45192e-01  1.29040e-02  1.29040e-02 -8.05150e-06  7.12808e-01 -1.95348e-02  1.02801e-03  1.02801e-03
00188 0011 -1.77083e+00  3.67544e-01  1.44046e+00 -3.57889e-02 -3.57889e-02  8.34090e-01  2.10466e-03  8.34090e-01  2.47898e-03 -2.05366e-01  1.55887e-02  1.55887e-02  5.87463e-02 -9.16603e-04  5.87463e-02 -3.50197e-01  2.05964e-02  2.05964e-02 -1.24269e-05  6.86216e-01 -2.38880e-02  1.40496e-03  1.40496e-03
00189 0004 -1.61458e+00  3.37435e-01  1.52709e+00 -2.31686e-02 -2.31686e-02  8.09574e-01  7.47176e-04  8.09574e-01  7.91450e-03 -2.60538e-01  1.06302e-02  1.06302e-02  6.87685e-02 -3.42749e-04  6.87685e-02 -4.68787e-01  1.51244e-02  1.51244e-02  1.47667e-05  6.60834e-01 -2.75113e-02  8.87348e-04  8.87348e-04
00189 0005 -1.51042e+00  3.16478e-01  1.59281e+00 -2.76160e-02 -2.76160e-02  7.92831e-01  9.52169e-04  7.92831e-01  1.25273e-02 -3.05827e-01  1.31755e-02  1.31755e-02  7.57028e-02 -4.54466e-04  7.57028e-02 -5.69510e-01  1.96429e-02  1.96429e-02  9.99383e-06  6.41586e-01 -2.97700e-02  1.02662e-03  1.02662e-03
00189 0006 -1.40625e+00  2.94276e-01  1.67001e+00 -3.32124e-02 -3.32124e-02  7.74481e-01  1.23008e-03  7.74481e-01  1.82589e-02 -3.62145e-01  1.65215e-02  1.65215e-02  8.33882e-02 -6.12089e-04  8.33882e-02 -6.96629e-01  2.58068e-02  2.58068e-02  3.32290e-06  6.19703e-01 -3.18609e-02  1.18016e-03  1.18016e-03
00189 0007 -1.30208e+00  2.70752e-01  1.76099e+00 -4.03244e-02 -4.03244e-02  7.54489e-01  1.61295e-03  7.54489e-01  2.53719e-02 -4.32598e-01  2.10110e-02  2.10110e-02  9.18232e-02 -8.40353e-04  9.18232e-02 -8.58654e-01  3.43443e-02  3.43443e-02 -4.69479e-06  5.94770e-01 -3.36192e-02  1.34484e-03  1.34484e-03
00189 0008 -1.19792e+00  2.45860e-01  1.86806e+00 -4.94468e-02 -4.94468e-02  7.32962e-01  2.14987e-03  7.32962e-01  3.41638e-02 -5.20890e-01  2.70914e-02  2.70914e-02  1.00938e-01 -1.17792e-03  1.00938e-01 -1.06706e+00  4.63948e-02  4.63948e-02  9.46681e-07  5.66345e-01 -3.48217e-02  1.51406e-03  1.51406e-03
00189 0009 -1.09375e+00  2.19600e-01  1.99277e+00 -6.12132e-02 -6.12132e-02  7.10270e-01  2.91503e-03  7.10270e-01  4.48998e-02 -6.30979e-01  3.53954e-02  3.53954e-02  1.10571e-01 -1.68575e-03  1.10571e-01 -1.33724e+00  6.36865e-02  6.36865e-02  4.55370e-06  5.34006e-01 -3.51843e-02  1.67557e-03  1.67557e-03
00189 0010 -9.89583e-01  1.92070e-01  2.13398e+00 -7.63579e-02 -7.63579e-02  6.87284e-01  4.01901e-03  6.87284e-01  5.76779e-02 -7.65192e-01  4.67428e-02  4.67428e-02  1.20366e-01 -2.46034e-03  1.20366e-01 -1.68892e+00  8.88955e-02  8.88955e-02  5.08368e-06  4.97452e-01 -3.43752e-02  1.80941e-03  1.80941e-03
00189 0011 -8.85417e-01  1.63524e-01  2.28334e+00 -9.54876e-02 -9.54876e-02  6.65777e-01  5.61712e-03  6.65777e-01  7.21096e-02 -9.19738e-01  6.19560e-02  6.19560e-02  1.29710e-01 -3.64479e-03  1.29710e-01 -2.14492e+00  1.26183e-01  1.26183e-01  1.87545e-05  4.56687e-01 -3.20677e-02  1.88659e-03  1.88659e-03
00190 0004 -8.07292e-01  1.41028e-01  2.40117e+00 -5.66642e-02 -5.66642e-02  6.46678e-01  1.82802e-03  6.46678e-01  8.35442e-02 -1.04947e+00  3.83740e-02  3.83740e-02  1.39802e-01 -1.23657e-03  1.39802e-01 -2.59097e+00  8.35807e-02  8.35807e-02 -4.51456e-05  4.22584e-01 -2.92055e-02  9.42046e-04  9.42046e-04
00190 0005 -7.55208e-01  1.26440e-01  2.45782e+00 -6.27794e-02 -6.27794e-02  6.39463e-01  2.16481e-03  6.39463e-01  9.03977e-02 -1.12166e+00  4.37126e-02  4.37126e-02  1.44046e-01 -1.50764e-03  1.44046e-01 -2.91883e+00  1.00648e-01  1.00648e-01 -2.82163e-05  3.99608e-01 -2.67552e-02  9.22569e-04  9.22569e-04
00190 0006 -7.03125e-01  1.11976e-01  2.49357e+00 -6.89267e-02 -6.89267e-02  6.35175e-01  2.55290e-03  6.35175e-01  9.61619e-02 -1.17759e+00  4.91518e-02  4.91518e-02  1.47713e-01 -1.82068e-03  1.47713e-01 -3.27862e+00  1.21436e-01  1.21436e-01 -1.26931e-05  3.76214e-01 -2.39211e-02  8.85971e-04  8.85971e-04
00190 0007 -6.51042e-01  9.77687e-02  2.49811e+00 -7.46478e-02 -7.46478e-02  6.34926e-01  2.98597e-03  6.34926e-01  1.00117e-01 -1.20671e+00  5.43789e-02  5.43789e-02  1.50639e-01 -2.17526e-03  1.50639e-01 -3.66511e+00  1.46605e-01  1.46605e-01 -1.53043e-05  3.52693e-01 -2.07796e-02  8.31198e-04  8.31198e-04
00190 0008 -5.98958e-01  8.39602e-02  2.46075e+00 -7.93125e-02 -7.93125e-02  6.40036e-01  3.44840e-03  6.40036e-01  1.01446e-01 -1.19798e+00  5.88328e-02  5.88328e-02  1.52625e-01 -2.55786e-03  1.52625e-01 -4.06833e+00  1.76879e-01  1.76879e-01 -1.23727e-05  3.29335e-01 -1.74404e-02  7.58284e-04  7.58284e-04
00190 0009 -5.46875e-01  7.06947e-02  2.37315e+00 -8.21479e-02 -8.21479e-02  6.51983e-01  3.91185e-03  6.51983e-01  9.93479e-02 -1.14327e+00  6.18884e-02  6.18884e-02  1.53446e-01 -2.94703e-03  1.53446e-01 -4.47242e+00  2.12970e-01  2.12970e-01 -8.82118e-06  3.06359e-01 -1.40402e-02  6.68578e-04  6.68578e-04
00190 0010 -4.94792e-01  5.81110e-02  2.23282e+00 -8.23641e-02 -8.23641e-02  6.72266e-01  4.33505e-03  6.72266e-01  9.31666e-02 -1.04130e+00  6.30195e-02  6.30195e-02  1.52818e-01 -3.31667e-03  1.52818e-01 -4.85412e+00  2.55475e-01  2.55475e-01 -2.32222e-05  2.83811e-01 -1.07314e-02  5.64801e-04  5.64801e-04
00190 0011 -4.42708e-01  4.63419e-02  2.04621e+00 -7.93401e-02 -7.93401e-02  7.02155e-01  4.66727e-03  7.02155e-01  8.24988e-02 -9.00375e-01  6.20187e-02  6.20187e-02  1.50348e-01 -3.64793e-03  1.50348e-01 -5.17973e+00  3.04669e-01  3.04669e-01 -5.39965e-05  2.61462e-01 -7.66811e-03  4.51055e-04  4.51055e-04
00191 0004 -3.90625e-01  3.55219e-02  1.82932e+00 -7.28074e-02 -7.28074e-02  7.42259e-01  4.85432e-03  7.42259e-01  6.71528e-02 -7.37603e-01  5.91445e-02  5.91445e-02  1.45518e-01 -3.94379e-03  1.45518e-01 -5.39767e+00  3.59858e-01  3.59858e-01 -6.77738e-05  2.38704e-01 -4.99602e-03  3.33091e-04  3.33091e-04
00191 0005 -3.38542e-01  2.58028e-02  1.60491e+00 -6.29459e-02 -6.29459e-02  7.91833e-01  4.84223e-03  7.91833e-01  4.68582e-02 -5.73899e-01  5.51199e-02  5.51199e-02  1.37690e-01 -4.24190e-03  1.37690e-01 -5.42576e+00  4.17458e-01  4.17458e-01 -6.79383e-05  2.14441e-01 -2.84498e-03  2.18889e-04  2.18889e-04
00191 0006 -2.86458e-01  1.73735e-02  1.39697e+00 -5.03424e-02 -5.03424e-02  8.47888e-01  4.57890e-03  8.47888e-01  2.08481e-02 -4.27270e-01  5.08057e-02  5.08057e-02  1.26274e-01 -4.61544e-03  1.26274e-01 -5.14384e+00  4.67603e-01  4.67603e-01 -3.66395e-04  1.86867e-01 -1.31445e-03  1.19510e-04  1.19510e-04
00191 0007 -2.34375e-01  1.04704e-02  1.22413e+00 -3.59471e-02 -3.59471e-02  9.04891e-01  4.00881e-03  9.04891e-01 -1.38460e-02 -3.07796e-01  4.67744e-02  4.67744e-02  1.11139e-01 -5.24633e-03  1.11139e-01 -4.41551e+00  4.92458e-01  4.92458e-01 -3.89842e-04  1.53046e-01 -4.28820e-04  4.77713e-05  4.77713e-05
00191 0008 -1.82292e-01  5.32540e-03  1.09748e+00 -2.09876e-02 -2.09876e-02  9.54964e-01  3.00622e-03  9.54964e-01 -6.09892e-02 -2.11556e-01  4.50588e-02  4.50588e-02  9.03441e-02 -6.37688e-03  9.03441e-02 -3.16300e+00  4.54091e-01  4.54091e-01  1.14291e-03  1.08706e-01 -7.28983e-05  1.05160e-05  1.05160e-05
00191 0009 -1.30208e-01  2.04818e-03  1.02495e+00 -7.79585e-03 -7.79585e-03  9.87813e-01  1.59252e-03  9.87813e-01 -5.43699e-02 -1.05329e-01  3.26984e-02  3.26984e-02  5.02521e-02 -6.81397e-03  5.02521e-02 -1.42027e+00  2.91361e-01  2.91361e-01  2.49477e-03  5.71876e-02 -3.32256e-06  7.47552e-07  7.47552e-07
00191 0010 -7.81250e-02  4.69514e-04  1.00246e+00 -1.45816e-03 -1.45816e-03  9.98772e-01  4.99810e-04  9.98772e-01 -1.27953e-02 -2.48601e-02  1.39831e-02  1.39831e-02  1.23412e-02 -4.79387e-03  1.23412e-02 -2.99296e-01  1.01035e-01  1.01035e-01 -4.80091e-03  2.28361e-02 -2.49716e-07  1.10769e-07  1.10769e-07
00191 0011 -2.60417e-02  1.53168e-05  1.00000e+00 -7.88591e-05 -7.88591e-05  1.00000e+00  7.88591e-05  1.00000e+00  1.71018e-03 -6.23643e-07  3.95447e-03  3.95447e-03 -6.23643e-07 -3.95447e-03 -6.23643e-07 -4.30074e-02  4.30074e-02  4.30074e-02 -2.55158e-02  7.13551e-03 -6.25068e-08  6.25068e-08  6.25068e-08
00210 0004  2.60417e-02  1.53168e-05  1.00000e+00  7.88591e-05  7.88591e-05  1.00000e+00  7.88591e-05  1.00000e+00  1.71018e-03 -6.23643e-07 -3.95447e-03 -3.95447e-03 -6.23643e-07 -3.95447e-03 -6.23643e-07  4.30074e-02  4.30074e-02  4.30074e-02 -2.55158e-02  7.13551e-03  6.25068e-08  6.25068e-08  6.25068e-08
00210 0005  7.81250e-02  4.69514e-04  1.00246e+00  1.45816e-03  1.45816e-03  9.98772e-01  4.99810e-04  9.98772e-01 -1.27953e-02 -2.48601e-02 -1.39831e-02 -1.39831e-02  1.23412e-02 -4.79387e-03  1.23412e-02  2.99296e-01  1.01035e-01  1.01035e-01 -4.80091e-03  2.28361e-02  2.49716e-07  1.10769e-07  1.10769e-07
00210 0006  1.30208e-01  2.04818e-03  1.02495e+00  7.79585e-03  7.79585e-03  9.87813e-01  1.59252e-03  9.87813e-01 -5.43699e-02 -1.05329e-01 -3.26984e-02 -3.26984e-02  5.02521e-02 -6.81397e-03  5.02521e-02  1.42027e+00  2.91361e-01  2.91361e-01  2.49477e-03  5.71876e-02  3.32256e-06  7.47552e-07  7.47552e-07
00210 0007  1.82292e-01  5.32540e-03  1.09748e+00  2.09876e-02  2.09876e-02  9.54964e-01  3.00622e-03  9.54964e-01 -6.09892e-02 -2.11556e-01 -4.50588e-02 -4.50588e-02  9.03441e-02 -6.37688e-03  9.03441e-02  3.16300e+00  4.54091e-01  4.54091e-01  1.14291e-03  1.08706e-01  7.28983e-05  1.05160e-05  1.05160e-05
00210 0008  2.34375e-01  1.04704e-02  1.22413e+00  3.59471e-02  3.59471e-02  9.04891e-01  4.00881e-03  9.04891e-01 -1.38460e-02 -3.07796e-01 -4.67744e-02 -4.67744e-02  1.11139e-01 -5.24633e-03  1.11139e-01  4.41551e+00  4.92458e-01  4.92458e-01 -3.89842e-04  1.53046e-01  4.28820e-04  4.77713e-05  4.77713e-05
00210 0009  2.86458e-01  1.73735e-02  1.39697e+00  5.03424e-02  5.03424e-02  8.47888e-01  4.57890e-03  8.47888e-01  2.08481e-02 -4.27270e-01 -5.08057e-02 -5.08057e-02  1.26274e-01 -4.61544e-03  1.26274e-01  5.14384e+00  4.67603e-01  4.67603e-01 -3.66395e-04  1.86867e-01  1.31445e-03  1.19510e-04  1.19510e-04
00210 0010  3.38542e-01  2.58028e-02  1.60491e+00  6.29459e-02  6.29459e-02  7.91833e-01  4.84223e-03  7.91833e-01  4.68582e-02 -5.73899e-01 -5.51199e-02 -5.51199e-02  1.37690e-01 -4.24190e-03  1.37690e-01  5.42576e+00  4.17458e-01  4.17458e-01 -6.79383e-05  2.14441e-01  2.84498e-03  2.18889e-04  2.18889e-04
00210 0011  3.90625e-01  3.55219e-02  1.82932e+00  7.28074e-02  7.28074e-02  7.42259e-01  4.85432e-03  7.42259e-01  6.71528e-02 -7.37603e-01 -5.91445e-02 -5.91445e-02  1.45518e-01 -3.94379e-03  1.45518e-01  5.39767e+00  3.59858e-01  3.59858e-01 -6.77738e-05  2.38704e-01  4.99602e-03  3.33091e-04  3.33091e-04
00211 0004  4.42708e-01  4.63419e-02  2.04621e+00  7.93401e-02  7.93401e-02  7.02155e-01  4.66727e-03  7.02155e-01  8.24988e-02 -9.00375e-01 -6.20187e-02 -6.20187e-02  1.50348e-01 -3.64793e-03  1.50348e-01  5.17973e+00  3.04669e-01  3.04669e-01 -5.39965e-05  2.61462e-01  7.66811e-03  4.51055e-04  4.51055e-04
00211 0005  4.94792e-01  5.81110e-02  2.23282e+00  8.23641e-02  8.23641e-02  6.72266e-01  4.33505e-03  6.72266e-01  9.31666e-02 -1.04130e+00 -6.30195e-02 -6.30195e-02  1.52818e-01 -3.31667e-03  1.52818e-01  4.85412e+00  2.55475e-01  2.55475e-01 -2.32222e-05  2.83811e-01  1.07314e-02  5.64801e-04  5.64801e-04
00211 0006  5.46875e-01  7.06947e-02  2.37315e+00  8.21479e-02  8.21479e-02  6.51983e-01  3.91185e-03  6.51983e-01  9.93479e-02 -1.14327e+00 -6.18884e-02 -6.18884e-02  1.53446e-01 -2.94703e-03  1.53446e-01  4.47242e+00  2.12970e-01  2.12970e-01 -8.82118e-06  3.06359e-01  1.40402e-02  6.68578e-04  6.68578e-04
00211 0007  5.98958e-01  8.39602e-02  2.46075e+00  7.93125e-02  7.93125e-02  6.40036e-01  3.44840e-03  6.40036e-01  1.01446e-01 -1.19798e+00 -5.88328e-02 -5.88328e-02  1.52625e-01 -2.55786e-03  1.52625e-01  4.06833e+00  1.76879e-01  1.76879e-01 -1.23727e-05  3.29335e-01  1.74404e-02  7.58284e-04  7.58284e-04
00211 0008  6.51042e-01  9.77687e-02  2.49811e+00  7.46478e-02  7.46478e-02  6.34926e-01  2.98597e-03  6.34926e-01  1.00117e-01 -1.20671e+00 -5.43789e-02 -5.43789e-02  1.50639e-01 -2.17526e-03  1.50639e-01  3.66511e+00  1.46605e-01  1.46605e-01 -1.53043e-05  3.52693e-01  2.07796e-02  8.31198e-04  8.31198e-04
00211 0009  7.03125e-01  1.11976e-01  2.49357e+00  6.89267e-02  6.89267e-02  6.35175e-01  2.55290e-03  6.35175e-01  9.61619e-02 -1.17759e+00 -4.91518e-02 -4.91518e-02  1.47713e-01 -1.82068e-03  1.47713e-01  3.27862e+00  1.21436e-01  1.21436e-01 -1.26931e-05  3.76214e-01  2.39211e-02  8.85971e-04  8.85971e-04
00211 0010  7.55208e-01  1.26440e-01  2.45782e+00  6.27794e-02  6.27794e-02  6.39463e-01  2.16481e-03  6.39463e-01  9.03977e-02 -1.12166e+00 -4.37126e-02 -4.37126e-02  1.44046e-01 -1.50764e-03  1.44046e-01  2.91883e+00  1.00648e-01  1.00648e-01 -2.82163e-05  3.99608e-01  2.67552e-02  9.22569e-04  9.22569e-04
00211 0011  8.07292e-01  1.41028e-01  2.40117e+00  5.66642e-02  5.66642e-02  6.46678e-01  1.82802e-03  6.46678e-01  8.35442e-02 -1.04947e+00 -3.83740e-02 -3.83740e-02  1.39802e-01 -1.23657e-03  1.39802e-01  2.59097e+00  8.35807e-02  8.35807e-02 -4.51456e-05  4.22584e-01  2.92055e-02  9.42046e-04  9.42046e-04
00218 0004  8.85417e-01  1.63524e-01  2.28334e+00  9.54876e-02  9.54876e-02  6.65777e-01  5.61712e-03  6.65777e-01  7.21096e-02 -9.19738e-01 -6.19560e-02 -6.19560e-02  1.29710e-01 -3.64479e-03  1.29710e-01  2.14492e+00  1.26183e-01  1.26183e-01  1.87545e-05  4.56687e-01  3.20677e-02  1.88659e-03  1.88659e-03
00218 0005  9.89583e-01  1.92070e-01  2.13398e+00  7.63579e-02  7.63579e-02  6.87284e-01  4.01901e-03  6.87284e-01  5.76779e-02 -7.65192e-01 -4.67428e-02 -4.67428e-02  1.20366e-01 -2.46034e-03  1.20366e-01  1.68892e+00  8.88955e-02  8.88955e-02  5.08368e-06  4.97452e-01  3.43752e-02  1.80941e-03  1.80941e-03
00218 0006  1.09375e+00  2.19600e-01  1.99277e+00  6.12132e-02  6.12132e-02  7.10270e-01  2.91503e-03  7.10270e-01  4.48998e-02 -6.30979e-01 -3.53954e-02 -3.53954e-02  1.10571e-01 -1.68575e-03  1.10571e-01  1.33724e+00  6.36865e-02  6.36865e-02  4.55370e-06  5.34006e-01  3.51843e-02  1.67557e-03  1.67557e-03
00218 0007  1.19792e+00  2.45860e-01  1.86806e+00  4.94468e-02  4.94468e-02  7.32962e-01  2.14987e-03  7.32962e-01  3.41638e-02 -5.20890e-01 -2.70914e-02 -2.70914e-02  1.00938e-01 -1.17792e-03  1.00938e-01  1.06706e+00  4.63948e-02  4.63948e-02  9.46681e-07  5.66345e-01  3.48217e-02  1.51406e-03  1.51406e-03
00218 0008  1.30208e+00  2.70752e-01  1.76099e+00  4.03244e-02  4.03244e-02  7.54489e-01  1.61295e-03  7.54489e-01  2.53719e-02 -4.32598e-01 -2.10110e-02 -2.10110e-02  9.18232e-02 -8.40353e-04  9.18232e-02  8.58654e-01  3.43443e-02  3.43443e-02 -4.69479e-06  5.94770e-01  3.36192e-02  1.34484e-03  1.34484e-03
00218 0009  1.40625e+00  2.94276e-01  1.67001e+00  3.32124e-02  3.32124e-02  7.74481e-01  1.23008e-03  7.74481e-01  1.82589e-02 -3.62145e-01 -1.65215e-02 -1.65215e-02  8.33882e-02 -6.12089e-04  8.33882e-02  6.96629e-01  2.58068e-02  2.58068e-02  3.32290e-06  6.19703e-01  3.18609e-02  1.18016e-03  1.18016e-03
00218 0010  1.51042e+00  3.16478e-01  1.59281e+00  2.76160e-02  2.76160e-02  7.92831e-01  9.52169e-04  7.92831e-01  1.25273e-02 -3.05827e-01 -1.31755e-02 -1.31755e-02  7.57028e-02 -4.54466e-04  7.57028e-02  5.69510e-01  1.96429e-02  1.96429e-02  9.99383e-06  6.41586e-01  2.97700e-02  1.02662e-03  1.02662e-03
00218 0011  1.61458e+00  3.37435e-01  1.52709e+00  2.31686e-02  2.31686e-02  8.09574e-01  7.47176e-04  8.09574e-01  7.91450e-03 -2.60538e-01 -1.06302e-02 -1.06302e-02  6.87685e-02 -3.42749e-04  6.87685e-02  4.68787e-01  1.51244e-02  1.51244e-02  1.47667e-05  6.60834e-01  2.75113e-02  8.87348e-04  8.87348e-04
00225 0004  1.77083e+00  3.67544e-01  1.44046e+00  3.57889e-02  3.57889e-02  8.34090e-01  2.10466e-03  8.34090e-01  2.47898e-03 -2.05366e-01 -1.55887e-02 -1.55887e-02  5.87463e-02 -9.16603e-04  5.87463e-02  3.50197e-01  2.05964e-02  2.05964e-02 -1.24269e-05  6.86216e-01  2.38880e-02  1.40496e-03  1.40496e-03
00225 0005  1.97917e+00  4.02853e-01  1.35806e+00  2.63587e-02  2.63587e-02  8.58617e-01  1.38713e-03  8.58617e-01 -2.35537e-03 -1.56434e-01 -1.08446e-02 -1.08446e-02  4.90600e-02 -5.70745e-04  4.90600e-02  2.45192e-01  1.29040e-02  1.29040e-02 -8.05150e-06  7.12808e-01  1.95348e-02  1.02801e-03  1.02801e-03
00225 0006  2.18750e+00  4.34672e-01  1.29489e+00  1.98444e-02  1.98444e-02  8.79091e-01  9.44911e-04  8.79091e-01 -5.52113e-03 -1.22101e-01 -7.79526e-03 -7.79526e-03  4.12221e-02 -3.71165e-04  4.12221e-02  1.73984e-01  8.28596e-03  8.28596e-03 -1.00677e-05  7.34086e-01  1.56657e-02  7.45886e-04  7.45886e-04
00225 0007  2.39583e+00  4.63499e-01  1.24545e+00  1.52104e-02  1.52104e-02  8.96247e-01  6.61279e-04  8.96247e-01 -7.56967e-03 -9.72521e-02 -5.75481e-03 -5.75481e-03  3.48589e-02 -2.50170e-04  3.48589e-02  1.24516e-01  5.41479e-03  5.41479e-03 -1.18439e-05  7.51379e-01  1.23617e-02  5.37423e-04  5.37423e-04
00225 0008  2.60417e+00  4.89747e-01  1.20604e+00  1.18316e-02  1.18316e-02  9.10697e-01  4.73218e-04  9.10697e-01 -8.84608e-03 -7.87576e-02 -4.34363e-03 -4.34363e-03  2.96539e-02 -1.73714e-04  2.96539e-02  8.95015e-02  3.58014e-03  3.58014e-03 -6.72366e-06  7.65653e-01  9.61147e-03  3.84455e-04  3.84455e-04
00225 0009  2.81250e+00  5.13752e-01  1.17417e+00  9.31639e-03  9.31639e-03  9.22931e-01  3.45003e-04  9.22931e-01 -9.57667e-03 -6.46794e-02 -3.33901e-03 -3.33901e-03  2.53689e-02 -1.23656e-04  2.53689e-02  6.43576e-02  2.38331e-03  2.38331e-03 -7.37441e-06  7.77614e-01  7.36224e-03  2.72708e-04  2.72708e-04
00225 0010  3.02083e+00  5.35791e-01  1.14807e+00  7.41107e-03  7.41107e-03  9.33337e-01  2.55478e-04  9.33337e-01 -9.90960e-03 -5.37124e-02 -2.60681e-03 -2.60681e-03  2.18006e-02 -8.98645e-05  2.18006e-02  4.61082e-02  1.58954e-03  1.58954e-03 -4.39696e-06  7.87789e-01  5.54778e-03  1.91269e-04  1.91269e-04
00225 0011  3.22917e+00  5.56092e-01  1.12646e+00  5.94745e-03  5.94745e-03  9.42229e-01  1.91744e-04  9.42229e-01 -9.94998e-03 -4.50307e-02 -2.06111e-03 -2.06111e-03  1.88118e-02 -6.64247e-05  1.88118e-02  3.27684e-02  1.05566e-03  1.05566e-03 -4.54023e-06  7.96573e-01  4.10077e-03  1.32165e-04  1.32165e-04
00262 0004  3.54167e+00  5.84460e-01  1.09911e+00  8.56690e-03  8.56690e-03  9.53917e-01  5.03647e-04  9.53917e-01 -9.60715e-03 -3.45428e-02 -2.92019e-03 -2.92019e-03  1.49453e-02 -1.71706e-04  1.49453e-02  1.87355e-02  1.10111e-03  1.10111e-03 -5.08124e-06  8.08074e-01  2.44164e-03  1.43462e-04  1.43462e-04
00262 0005  3.95833e+00  6.16566e-01  1.07391e+00  5.74656e-03  5.74656e-03  9.65004e-01  3.02349e-04  9.65004e-01 -8.70263e-03 -2.52571e-02 -1.93094e-03 -1.93094e-03  1.13275e-02 -1.01574e-04  1.13275e-02  8.26001e-03  4.34084e-04  4.34084e-04 -7.30968e-06  8.20330e-01  1.08493e-03  5.69792e-05  5.69792e-05
00262 0006  4.37500e+00  6.44416e-01  1.05561e+00  3.92692e-03  3.92692e-03  9.73319e-01  1.86949e-04  9.73319e-01 -7.53431e-03 -1.87198e-02 -1.30465e-03 -1.30465e-03  8.62065e-03 -6.20995e-05  8.62065e-03  2.73437e-03  1.30263e-04  1.30263e-04 -8.04509e-06  8.30645e-01  3.14018e-04  1.50053e-05  1.50053e-05
00262 0007  4.79167e+00  6.68727e-01  1.04216e+00  2.72688e-03  2.72688e-03  9.79570e-01  1.18549e-04  9.79570e-01 -6.29728e-03 -1.39858e-02 -8.95716e-04 -8.95716e-04  6.56827e-03 -3.89372e-05  6.56827e-03 -7.59927e-06  6.61176e-07  6.61176e-07 -2.01530e-06  8.39682e-01 -8.86081e-05 -3.71641e-06 -3.71641e-06
00262 0008  5.20833e+00  6.90069e-01  1.03222e+00  1.92180e-03  1.92180e-03  9.84274e-01  7.68664e-05  9.84274e-01 -5.12161e-03 -1.05149e-02 -6.22690e-04 -6.22690e-04  5.01093e-03 -2.49061e-05  5.01093e-03 -1.21089e-03 -4.75280e-05 -4.75280e-05 -1.70134e-06  8.47830e-01 -2.71910e-04 -1.07265e-05 -1.07265e-05
00262 0009  5.62500e+00  7.08908e-01  1.02482e+00  1.37386e-03  1.37386e-03  9.87818e-01  5.08744e-05  9.87818e-01 -4.08093e-03 -7.94631e-03 -4.37511e-04 -4.37511e-04  3.82853e-03 -1.61938e-05  3.82853e-03 -1.60896e-03 -5.87508e-05 -5.87508e-05 -4.12106e-06  8.55309e-01 -3.32672e-04 -1.21455e-05 -1.21455e-05
00262 0010  6.04167e+00  7.25628e-01  1.01929e+00  9.95981e-04  9.95981e-04  9.90496e-01  3.43405e-05  9.90496e-01 -3.20610e-03 -6.03311e-03 -3.10267e-04 -3.10267e-04  2.93075e-03 -1.06905e-05  2.93075e-03 -1.61215e-03 -5.47239e-05 -5.47239e-05 -5.14913e-06  8.62239e-01 -3.30568e-04 -1.11763e-05 -1.11763e-05
00262 0011  6.45833e+00  7.40547e-01  1.01511e+00  7.31916e-04  7.31916e-04  9.92531e-01  2.36158e-05  9.92531e-01 -2.49864e-03 -4.60544e-03 -2.22264e-04 -2.22264e-04  2.25118e-03 -7.17574e-06  2.25118e-03 -1.44657e-03 -4.56280e-05 -4.56280e-05 -4.55735e-06  8.68685e-01 -3.00597e-04 -9.43156e-06 -9.43156e-06
00263 0004  6.87500e+00  7.53928e-01  1.01193e+00  5.44748e-04  5.44748e-04  9.94088e-01  1.65195e-05  9.94088e-01 -1.94289e-03 -3.54183e-03 -1.61248e-04 -1.61248e-04  1.73951e-03 -4.89581e-06  1.73951e-03 -1.23119e-03 -3.62923e-05 -3.62923e-05 -4.10532e-06  8.74685e-01 -2.61665e-04 -7.66859e-06 -7.66859e-06
00263 0005  7.29167e+00  7.65993e-01  1.00949e+00  4.10096e-04  4.10096e-04  9.95289e-01  1.17337e-05  9.95289e-01 -1.51304e-03 -2.74679e-03 -1.18332e-04 -1.18332e-04  1.35398e-03 -3.38940e-06  1.35398e-03 -1.02114e-03 -2.83312e-05 -2.83312e-05 -4.85271e-06  8.80267e-01 -2.22860e-04 -6.12313e-06 -6.12313e-06
00263 0006  7.70833e+00  7.76923e-01  1.00759e+00  3.11772e-04  3.11772e-04  9.96226e-01  8.44832e-06  9.96226e-01 -1.18257e-03 -2.14805e-03 -8.77976e-05 -8.77976e-05  1.06186e-03 -2.38299e-06  1.06186e-03 -8.35871e-04 -2.18398e-05 -2.18398e-05 -5.63259e-06  8.85456e-01 -1.87791e-04 -4.85223e-06 -4.85223e-06
00263 0007  8.12500e+00  7.86871e-01  1.00610e+00  2.38889e-04  2.38889e-04  9.96965e-01  6.15183e-06  9.96965e-01 -9.30099e-04 -1.69362e-03 -6.59406e-05 -6.59406e-05  8.39092e-04 -1.70219e-06  8.39092e-04 -6.79666e-04 -1.68488e-05 -1.68488e-05 -6.02163e-06  8.90279e-01 -1.57551e-04 -3.86142e-06 -3.86142e-06
00263 0008  8.54167e+00  7.95963e-01  1.00491e+00  1.83944e-04  1.83944e-04  9.97555e-01  4.51529e-06  9.97555e-01 -7.37935e-04 -1.34608e-03 -5.00602e-05 -5.00602e-05  6.68098e-04 -1.23218e-06  6.68098e-04 -5.51325e-04 -1.31435e-05 -1.31435e-05 -6.42109e-06  8.94761e-01 -1.31792e-04 -3.09037e-06 -3.09037e-06
00263 0009  8.95833e+00  8.04305e-01  1.00395e+00  1.41820e-04  1.41820e-04  9.98031e-01  3.32781e-06  9.98031e-01 -5.91152e-04 -1.07701e-03 -3.83419e-05 -3.83419e-05  5.35319e-04 -9.02427e-07  5.35319e-04 -4.44957e-04 -1.02642e-05 -1.02642e-05 -6.37440e-06  8.98928e-01 -1.09371e-04 -2.46988e-06 -2.46988e-06
00263 0010  9.37500e+00  8.11985e-01  1.00317e+00  1.09026e-04  1.09026e-04  9.98420e-01  2.45023e-06  9.98420e-01 -4.78401e-04 -8.65966e-04 -2.95894e-05 -2.95894e-05  4.30927e-04 -6.68565e-07  4.30927e-04 -3.53304e-04 -7.89373e-06 -7.89373e-06 -5.90980e-06  9.02806e-01 -8.90194e-05 -1.94548e-06 -1.94548e-06
00263 0011  9.79167e+00  8.19079e-01  1.00252e+00  8.30901e-05  8.30901e-05  9.98742e-01  1.78470e-06  9.98742e-01 -3.91651e-04 -6.98100e-04 -2.29872e-05 -2.29872e-05  3.47731e-04 -5.00382e-07  3.47731e-04 -2.70626e-04 -5.78901e-06 -5.78901e-06 -5.16193e-06  9.06420e-01 -6.95254e-05 -1.45305e-06 -1.45305e-06
