# iter = 20, Time = 0.1
1.714021e+00 -8.048149e-05 1.783669e-05 -5.795492e-06 -2.533541e-03 1.942167e-05 -6.310483e-06 -1.924952e-06 1.398559e-06 -3.060212e-05 1.784056e-05 -5.796750e-06 -2.834315e-06 2.059250e-06 1.959050e-07 -2.696400e-07 1.117606e-03 1.574005e-05 -5.114253e-06 -3.418653e-06 2.483797e-06 3.642414e-07 -5.013353e-07 -4.104219e-03 4.855611e-08 -1.272082e-05 1.366941e-05 -4.441459e-06 -3.794917e-06 2.757168e-06 5.355825e-07 -7.371661e-07 -3.503533e-08 1.078277e-07 6.808875e-17 -8.354796e-09 3.824567e-04 1.173787e-05 -3.813866e-06 -4.017895e-06 2.919171e-06 7.045305e-07 -9.697031e-07 -1.856275e-03 1.846462e-07 -1.450379e-17 -2.133645e-08 4.435328e-10 1.365054e-09 
# iter = 49, Time = 0.25
1.718426e+00 -8.677121e-05 1.923065e-05 -6.248416e-06 -2.538190e-03 2.093949e-05 -6.803654e-06 -2.075389e-06 1.507858e-06 -3.299371e-05 1.923482e-05 -6.249772e-06 -3.055820e-06 2.220183e-06 2.112151e-07 -2.907127e-07 1.116280e-03 1.697015e-05 -5.513937e-06 -3.685825e-06 2.677909e-06 3.927073e-07 -5.405152e-07 -4.106795e-03 5.235083e-08 -1.371497e-05 1.473769e-05 -4.788564e-06 -4.091494e-06 2.972644e-06 5.774389e-07 -7.947764e-07 -3.777338e-08 1.162545e-07 5.436882e-17 -9.007733e-09 3.821044e-04 1.265520e-05 -4.111924e-06 -4.331898e-06 3.147308e-06 7.595904e-07 -1.045486e-06 -1.857412e-03 1.990765e-07 -1.470759e-17 -2.300391e-08 4.781954e-10 1.471734e-09 
# iter = 98, Time = 0.5
1.725894e+00 -9.759922e-05 2.163040e-05 -7.028144e-06 -2.547700e-03 2.355249e-05 -7.652669e-06 -2.334373e-06 1.696021e-06 -3.711094e-05 2.163510e-05 -7.029670e-06 -3.437150e-06 2.497235e-06 2.375723e-07 -3.269902e-07 1.114388e-03 1.908783e-05 -6.202011e-06 -4.145772e-06 3.012080e-06 4.417125e-07 -6.079651e-07 -4.116032e-03 5.888359e-08 -1.542643e-05 1.657677e-05 -5.386120e-06 -4.602063e-06 3.343595e-06 6.494964e-07 -8.939551e-07 -4.248705e-08 1.307617e-07 -6.211757e-17 -1.013179e-08 3.820263e-04 1.423442e-05 -4.625044e-06 -4.872467e-06 3.540055e-06 8.543782e-07 -1.175951e-06 -1.861489e-03 2.239189e-07 -1.654237e-17 -2.587453e-08 5.378686e-10 1.655389e-09 
# iter = 195, Time = 1
1.741363e+00 -1.206553e-04 2.674021e-05 -8.688421e-06 -2.573694e-03 2.911636e-05 -9.460480e-06 -2.885828e-06 2.096677e-06 -4.587775e-05 2.674602e-05 -8.690307e-06 -4.249116e-06 3.087164e-06 2.936946e-07 -4.042360e-07 1.111899e-03 2.359700e-05 -7.667129e-06 -5.125139e-06 3.723631e-06 5.460594e-07 -7.515863e-07 -4.153643e-03 7.279381e-08 -1.907066e-05 2.049275e-05 -6.658498e-06 -5.689221e-06 4.133461e-06 8.029287e-07 -1.105136e-06 -5.252388e-08 1.616519e-07 8.622527e-18 -1.252525e-08 3.838227e-04 1.759706e-05 -5.717630e-06 -6.023503e-06 4.376331e-06 1.056210e-06 -1.453749e-06 -1.878076e-03 2.768158e-07 -2.650909e-17 -3.198694e-08 6.649306e-10 2.046446e-09 
# iter = 388, Time = 2
1.774630e+00 -1.729865e-04 3.833810e-05 -1.245680e-05 -2.658736e-03 4.174484e-05 -1.356372e-05 -4.137482e-06 3.006057e-06 -6.577606e-05 3.834642e-05 -1.245951e-05 -6.092063e-06 4.426143e-06 4.210772e-07 -5.795631e-07 1.113918e-03 3.383159e-05 -1.099255e-05 -7.348038e-06 5.338662e-06 7.828988e-07 -1.077568e-06 -4.314606e-03 1.043663e-07 -2.734208e-05 2.938096e-05 -9.546452e-06 -8.156776e-06 5.926245e-06 1.151179e-06 -1.584461e-06 -7.530478e-08 2.317643e-07 -1.128262e-17 -1.795776e-08 3.960304e-04 2.522933e-05 -8.197506e-06 -8.636044e-06 6.274454e-06 1.514315e-06 -2.084275e-06 -1.949058e-03 3.968777e-07 2.393873e-18 -4.586046e-08 9.533274e-10 2.934040e-09 
# iter = 964, Time = 5
1.868578e+00 -3.583318e-04 7.941519e-05 -2.580356e-05 -3.299774e-03 8.647207e-05 -2.809648e-05 -8.570559e-06 6.226876e-06 -1.362514e-04 7.943243e-05 -2.580916e-05 -1.261936e-05 9.168503e-06 8.722375e-07 -1.200532e-06 1.223088e-03 7.008022e-05 -2.277044e-05 -1.522104e-05 1.105873e-05 1.621730e-06 -2.232120e-06 -5.863263e-03 2.161888e-07 -5.663755e-05 6.086098e-05 -1.977493e-05 -1.689630e-05 1.227588e-05 2.384601e-06 -3.282122e-06 -1.559896e-07 4.800866e-07 1.188434e-16 -3.719848e-08 5.446848e-04 5.226112e-05 -1.698067e-05 -1.788908e-05 1.299717e-05 3.136817e-06 -4.317458e-06 -2.633072e-03 8.221095e-07 -4.786212e-17 -9.499734e-08 1.974764e-09 6.077697e-09 
# iter = 1924, Time = 10
1.869645e+00 -4.958860e-04 1.099006e-04 -3.570887e-05 -4.582482e-03 1.196665e-04 -3.888199e-05 -1.186057e-05 8.617211e-06 -1.885547e-04 1.099245e-04 -3.571663e-05 -1.746361e-05 1.268805e-05 1.207067e-06 -1.661385e-06 1.485223e-03 9.698219e-05 -3.151142e-05 -2.106400e-05 1.530390e-05 2.244270e-06 -3.088973e-06 -9.861344e-03 2.991781e-07 -7.837924e-05 8.422393e-05 -2.736601e-05 -2.338235e-05 1.698827e-05 3.299987e-06 -4.542043e-06 -2.158699e-07 6.643793e-07 1.066322e-16 -5.147801e-08 9.968316e-04 7.232281e-05 -2.349911e-05 -2.475623e-05 1.798645e-05 4.340959e-06 -5.974817e-06 -4.421518e-03 1.137696e-06 2.781972e-17 -1.314643e-07 2.732824e-09 8.410767e-09 
