# 1:iter 2:time 3:mass 4:Sx 5:Sy 6:Sz 7:S 8:area 9:hrms 10:hmean 11:meanradius 12:minradius
4 0 9.999999126725849e-01 1.935295417873900e-19 -1.963765830079298e-19 1.672443140883436e-20 2.762193919772040e-19 5.026547367832777e+01 9.980937207319984e-09 -5.021639509226198e-03 5.003536122153686e-01 5.003535800084221e-01
4 0.500149 9.999943575736309e-01 4.438505164497252e-16 2.831051466944856e-16 -1.990120102065068e-16 5.628122113494240e-16 5.026491522046963e+01 7.719767282210056e-09 -4.416347271100320e-03 5.336330033986711e-01 5.336329819126049e-01
4 1.00033 9.999886178523173e-01 1.630678629601255e-16 -2.799379461381335e-17 1.604579055485158e-16 2.304810619558124e-16 5.026433820565940e+01 7.638009203538756e-09 -4.392873629813686e-03 5.689278698152547e-01 5.689278532579172e-01
4 1.50057 9.999806144037000e-01 1.424338727920053e-16 -6.471709760882467e-16 -1.127863684641249e-16 6.721892927746383e-16 5.026353362362504e+01 9.513535407027565e-09 -4.902564694417411e-03 6.054745269033491e-01 6.054744927924042e-01
4 2.00088 9.999740003928012e-01 -1.419064254861463e-15 -2.789016873836283e-16 5.788410635330341e-16 1.557750457384946e-15 5.026286872581602e+01 9.293048999128803e-09 -4.845361319522823e-03 6.438677488093878e-01 6.438677074108500e-01
4 2.50123 9.999671717473652e-01 7.476150925294277e-17 3.774148340981192e-16 2.068763381355521e-16 4.368398557177034e-16 5.026218225569366e+01 9.192187654688309e-09 -4.818930803980674e-03 6.844092878701031e-01 6.844092817598539e-01
4 3.00151 9.999604341017477e-01 -1.989067879362726e-16 1.845661863341736e-16 -1.893944009462623e-16 3.309060690511127e-16 5.026150493819628e+01 9.051313527169705e-09 -4.781798467073984e-03 7.270523127613064e-01 7.270523093667144e-01
4 3.50153 9.999543439458333e-01 1.205347413152843e-15 -6.645585946033284e-16 7.556414081750580e-16 1.570189303811545e-15 5.026089271503426e+01 8.748225374012041e-09 -4.700999144277062e-03 7.713895088528854e-01 7.713894989983524e-01
4 4.00833 9.999486990962005e-01 -1.921763208764055e-15 1.875141349730043e-15 -5.713304370498222e-16 2.745131577962351e-15 5.026032526036455e+01 8.444331879511923e-09 -4.618574327325344e-03 8.173438791150602e-01 8.173438744453441e-01
4 4.51439 9.999456003659856e-01 -3.560385757471244e-16 6.866198332296976e-17 -1.071784821888714e-15 1.131459517528094e-15 5.026001375848985e+01 7.634780745061145e-09 -4.391580800669950e-03 8.632542163685154e-01 8.632542153488983e-01
4 5.01934 9.999366301801478e-01 -5.292097102851880e-16 5.039168785773635e-16 -2.440241043988244e-15 2.547306713126654e-15 5.025911203015328e+01 8.711448479158506e-09 -4.690941240509070e-03 9.079189575707736e-01 9.079189547402419e-01
4 5.52278 9.999291694870518e-01 -1.098381821040710e-15 -3.555831779111836e-15 -1.143309210556954e-15 3.893268320714451e-15 5.025836204980459e+01 9.509155698459943e-09 -4.900939108319300e-03 9.501924036443670e-01 9.501923992476267e-01
4 6.02424 9.999238915923108e-01 -2.343524123418178e-16 2.256471124389086e-15 -1.872271342776462e-15 2.941425329556090e-15 5.025783149693585e+01 9.913318977617699e-09 -5.003953724732903e-03 9.890815173231406e-01 9.890815165583760e-01
4 6.53039 9.999303446131838e-01 -1.632597457818719e-15 1.132233551039954e-15 1.443663802292821e-15 2.455909698549044e-15 5.025848017807027e+01 7.695442498235873e-09 -4.408858386687531e-03 1.024364704837550e+00 1.024364704273820e+00
4 7.03361 9.999200661758112e-01 -1.289656875316392e-15 5.462489523329999e-16 -5.433914596412654e-15 5.611508764591056e-15 5.025744695412874e+01 9.607586854062415e-09 -4.926149432441712e-03 1.054999979912165e+00 1.054999976873532e+00
4 7.5406 9.999213303162083e-01 -6.942647564354375e-16 1.568199168235970e-15 1.176376607888945e-16 1.719037754826876e-15 5.025757402930456e+01 8.980131462891618e-09 -4.762586396188600e-03 1.081322371798982e+00 1.081322368059210e+00
4 8.04402 9.999258431427241e-01 -1.520784698716698e-15 -3.005523912889344e-16 -1.166719993843885e-15 1.940194161365148e-15 5.025802767344162e+01 7.810818718422119e-09 -4.441745995582372e-03 1.103050533155073e+00 1.103050528998119e+00
4 8.55069 9.999209061228279e-01 1.348596606236570e-15 1.531043270096231e-15 -5.106925290391153e-15 5.499408352077205e-15 5.025753138809861e+01 8.795031073129768e-09 -4.713243073929201e-03 1.120756134068932e+00 1.120756128455856e+00
4 9.05356 9.999188228869386e-01 1.806016400050608e-15 -7.984671457977733e-16 -1.893972178524228e-15 2.736124199153615e-15 5.025732197516726e+01 9.239221878432869e-09 -4.830777526799668e-03 1.134640212990475e+00 1.134640211098185e+00
4 9.55944 9.999179012306119e-01 1.618799247305614e-16 1.938825251678907e-15 -1.759645524422237e-15 2.623280548892504e-15 5.025722932773157e+01 9.480026646270476e-09 -4.893316629623890e-03 1.145365519893296e+00 1.145365517181964e+00
4 10.0617 9.999205589034504e-01 -3.202979034991981e-15 -6.690303619550508e-16 -3.616523328756409e-15 4.877080818610166e-15 5.025749648456649e+01 8.938798674732938e-09 -4.751606011389457e-03 1.153280291528346e+00 1.153280289603326e+00
4 10.5674 9.999251176708678e-01 -9.927271252528624e-16 6.814758616889493e-16 -6.895847950181084e-15 7.000188243704176e-15 5.025795474649077e+01 8.022188976231312e-09 -4.501437760497398e-03 1.158958907085262e+00 1.158958903939932e+00
4 11.0701 9.999241766086130e-01 -2.102410153297001e-15 1.829855294067444e-15 -1.033964612367712e-15 2.972807035369381e-15 5.025786014772308e+01 8.320180906032733e-09 -4.584271983301173e-03 1.162736098293430e+00 1.162736096184205e+00
4 11.5703 9.999178989796454e-01 -1.613637552300587e-15 -3.495128116832523e-15 -1.955122149095207e-15 4.317667115601960e-15 5.025722910145834e+01 9.870749658056101e-09 -4.993138407166271e-03 1.165026793551410e+00 1.165026792748532e+00
4 12.0748 9.999204612753312e-01 1.076185528632781e-15 -1.285189008427244e-15 -7.380444876932468e-15 7.568411501818564e-15 5.025748667069762e+01 9.381270563242980e-09 -4.867787259261587e-03 1.166230536999425e+00 1.166230535599972e+00
4 12.5773 9.999278859717270e-01 -3.162705068283302e-15 5.383462304978710e-15 -1.631925905622692e-15 6.453491450332448e-15 5.025823302599278e+01 7.810407582983134e-09 -4.441647171806572e-03 1.166606897529506e+00 1.166606895673298e+00
4 13.0781 1.000014415445151e+00 -4.089627108522301e-15 2.569215292684722e-15 -7.466240375294901e-15 8.892168602124527e-15 5.026693166649280e+01 3.072094188469463e-10 8.810477743494477e-04 1.166606897529506e+00 1.166606895673298e+00
4 13.5841 1.000071261650961e+00 -5.151753128875118e-16 9.625556408522727e-16 -4.012208974075593e-15 4.158093290968590e-15 5.027264671522856e+01 7.727440708750554e-09 4.419260337810533e-03 1.166149374813987e+00 1.166149373236229e+00
4 14.0887 1.000072732553627e+00 1.967972569300949e-15 -5.063459757070363e-15 -4.495130472579926e-15 7.051080676783429e-15 5.027279459713916e+01 8.133170631109936e-09 4.533806345847738e-03 1.165342445165134e+00 1.165342444218261e+00
4 14.5924 1.000077232085423e+00 6.485811448032456e-15 -2.605640707478366e-15 -7.484471573005280e-15 1.024072401556752e-14 5.027324697332995e+01 9.258818849829246e-09 4.837430376822275e-03 1.164481642116540e+00 1.164481641228716e+00
4 15.0951 1.000074206071011e+00 2.751495482494053e-15 6.325026335868038e-15 -4.202380541695065e-15 8.076923161503194e-15 5.027294274214687e+01 8.617292000443682e-09 4.666805570746146e-03 1.163651421002732e+00 1.163651419720227e+00
4 15.597 1.000072905382066e+00 -4.249154961964252e-15 4.166567348542332e-15 -5.302798169456829e-15 7.970901441287503e-15 5.027281197301411e+01 8.379074102037689e-09 4.601836592049897e-03 1.162963110310108e+00 1.162963108806826e+00
4 16.0984 1.000073458984551e+00 5.904479427741316e-16 2.552098316947133e-15 -5.417851704902863e-15 6.017885981705656e-15 5.027286763127898e+01 8.561415820452123e-09 4.651643807402849e-03 1.162482016276235e+00 1.162482015593432e+00
4 16.5991 1.000070422370652e+00 -1.261472994867181e-15 4.257989608539061e-15 -4.690022864038614e-15 6.458955340332581e-15 5.027256233559208e+01 7.910350802788406e-09 4.471249361812251e-03 1.162239794851122e+00 1.162239794237889e+00
4 17.0994 1.000053788321026e+00 -2.786044116759379e-15 5.396330444459424e-15 -4.032350931158556e-15 7.289875041339492e-15 5.027088999467787e+01 4.629957128709889e-09 3.420621734703383e-03 1.162239794851122e+00 1.162239794237889e+00
4 17.6057 9.999252810265282e-01 8.684325156584531e-16 1.800131137983702e-15 -6.438520626183076e-15 6.741601812772413e-15 5.025797116756454e+01 9.056457102872362e-09 -4.782820812093996e-03 1.162239794851122e+00 1.162239794237889e+00
4 18.1116 9.999302386393070e-01 -1.922291511575288e-15 2.360954601663569e-15 -6.566574093964430e-15 7.238038865474236e-15 5.025846952515683e+01 7.916402407308244e-09 -4.471705457241810e-03 1.162908869363399e+00 1.162908866847519e+00
4 18.6171 9.999290885197373e-01 -5.395661777892010e-16 -4.776753393685864e-16 -9.120515911183345e-15 9.148940696944293e-15 5.025835391065920e+01 8.194630016732005e-09 -4.549597062274053e-03 1.163866466652383e+00 1.163866465631126e+00
4 19.1223 9.999223851770452e-01 4.397404233842229e-16 2.543327713597374e-15 -4.043662595215107e-15 4.797196544092430e-15 5.025768006719566e+01 9.826750270457301e-09 -4.982042125648121e-03 1.165101580314646e+00 1.165101579438521e+00
4 19.6271 9.999292434334410e-01 -1.168063445414188e-15 2.706896255660437e-15 -9.325061256431857e-15 9.780001379735478e-15 5.025836948318018e+01 8.176203149708087e-09 -4.544480358654814e-03 1.166647078712010e+00 1.166647076779741e+00
