# Athena++ data at time=9.302083e+00  cycle=1790 
# gid   i       x1v         z4c_chi         z4c_gxx         z4c_gxy         z4c_gxz         z4c_gyy         z4c_gyz         z4c_gzz         z4c_Khat         z4c_Axx         z4c_Axy         z4c_Axz         z4c_Ayy         z4c_Ayz         z4c_Azz         z4c_Gamx         z4c_Gamy         z4c_Gamz         z4c_Theta         z4c_alpha         z4c_betax         z4c_betay         z4c_betaz     
00054 0004 -9.79167e+00  8.15953e-01  1.01827e+00 -5.83702e-04 -5.83702e-04  9.90988e-01  1.24909e-05  9.90988e-01 -2.98844e-03 -4.03818e-03  1.29032e-04  1.29032e-04  1.96484e-03 -2.80746e-06  1.96484e-03  2.35696e-03 -5.39419e-05 -5.39419e-05  1.83542e-05  9.16253e-01  1.00836e-03 -2.30473e-05 -2.30473e-05
00054 0005 -9.37500e+00  8.08405e-01  1.02243e+00 -7.47315e-04 -7.47315e-04  9.88969e-01  1.67597e-05  9.88969e-01 -3.42545e-03 -4.94283e-03  1.64181e-04  1.64181e-04  2.39029e-03 -3.70821e-06  2.39029e-03  2.60777e-03 -6.23929e-05 -6.23929e-05  1.58854e-05  9.14605e-01  1.17634e-03 -2.80461e-05 -2.80461e-05
00054 0006 -8.95833e+00  8.00232e-01  1.02738e+00 -9.53244e-04 -9.53244e-04  9.86586e-01  2.23572e-05  9.86586e-01 -3.83928e-03 -5.99354e-03  2.07349e-04  2.07349e-04  2.87740e-03 -4.87440e-06  2.87740e-03  2.60840e-03 -6.51496e-05 -6.51496e-05  6.01989e-06  9.13039e-01  1.26279e-03 -3.13197e-05 -3.13197e-05
00054 0007 -8.54167e+00  7.91405e-01  1.03320e+00 -1.21045e-03 -1.21045e-03  9.83806e-01  2.97235e-05  9.83806e-01 -4.18604e-03 -7.17952e-03  2.59185e-04  2.59185e-04  3.41756e-03 -6.36565e-06  3.41756e-03  2.24550e-03 -5.91113e-05 -5.91113e-05 -3.97552e-06  9.11508e-01  1.21971e-03 -3.16038e-05 -3.16038e-05
00054 0008 -8.12500e+00  7.81896e-01  1.03996e+00 -1.52951e-03 -1.52951e-03  9.80600e-01  3.94168e-05  9.80600e-01 -4.41856e-03 -8.49941e-03  3.21247e-04  3.21247e-04  4.00619e-03 -8.27163e-06  4.00619e-03  1.39693e-03 -3.97784e-05 -3.97784e-05 -1.10868e-05  9.09931e-01  9.88289e-04 -2.70278e-05 -2.70278e-05
00054 0009 -7.70833e+00  7.71676e-01  1.04776e+00 -1.92303e-03 -1.92303e-03  9.76947e-01  5.21625e-05  9.76947e-01 -4.49139e-03 -9.96666e-03  3.95587e-04  3.95587e-04  4.64510e-03 -1.07228e-05  4.64510e-03 -7.39715e-05 -1.42134e-06 -1.42134e-06 -1.46513e-05  9.08189e-01  4.98013e-04 -1.49339e-05 -1.49339e-05
00054 0010 -7.29167e+00  7.60714e-01  1.05665e+00 -2.40592e-03 -2.40592e-03  9.72830e-01  6.89189e-05  9.72830e-01 -4.36319e-03 -1.16176e-02  4.85455e-04  4.85455e-04  5.34585e-03 -1.39009e-05  5.34585e-03 -2.33004e-03  6.37839e-05  6.37839e-05 -1.79508e-05  9.06119e-01 -3.35537e-04  8.32786e-06  8.32786e-06
00054 0011 -6.87500e+00  7.48968e-01  1.06669e+00 -2.99613e-03 -2.99613e-03  9.68244e-01  9.09619e-05  9.68244e-01 -3.99822e-03 -1.34960e-02  5.95654e-04  5.95654e-04  6.12191e-03 -1.80783e-05  6.12191e-03 -5.56070e-03  1.66541e-04  1.66541e-04 -1.76693e-05  9.03515e-01 -1.61273e-03  4.78204e-05  4.78204e-05
00055 0004 -6.45833e+00  7.36389e-01  1.07792e+00 -3.71565e-03 -3.71565e-03  9.63193e-01  1.20019e-04  9.63193e-01 -3.36629e-03 -1.56747e-02  7.33091e-04  7.33091e-04  6.99823e-03 -2.36784e-05  6.99823e-03 -9.99391e-03  3.21146e-04  3.21146e-04 -1.46787e-05  9.00120e-01 -3.45220e-03  1.10483e-04  1.10483e-04
00055 0005 -6.04167e+00  7.22903e-01  1.09035e+00 -4.59116e-03 -4.59116e-03  9.57693e-01  1.58466e-04  9.57693e-01 -2.44051e-03 -1.82664e-02  9.08313e-04  9.08313e-04  8.01455e-03 -3.13536e-05  8.01455e-03 -1.59155e-02  5.48141e-04  5.48141e-04 -1.38455e-05  8.95623e-01 -5.99822e-03  2.06028e-04  2.06028e-04
00055 0006 -5.62500e+00  7.08406e-01  1.10396e+00 -5.65539e-03 -5.65539e-03  9.51781e-01  2.09598e-04  9.51781e-01 -1.19279e-03 -2.14227e-02  1.13786e-03  1.13786e-03  9.22343e-03 -4.21707e-05  9.22343e-03 -2.36791e-02  8.76804e-04  8.76804e-04 -1.24684e-05  8.89645e-01 -9.42874e-03  3.48410e-04  3.48410e-04
00055 0007 -5.20833e+00  6.92748e-01  1.11867e+00 -6.94850e-03 -6.94850e-03  9.45517e-01  2.78070e-04  9.45517e-01  4.10540e-04 -2.53730e-02  1.44692e-03  1.44692e-03  1.07053e-02 -5.79112e-05  1.07053e-02 -3.37306e-02  1.34911e-03  1.34911e-03 -1.16784e-05  8.81728e-01 -1.39652e-02  5.57730e-04  5.57730e-04
00055 0008 -4.79167e+00  6.75707e-01  1.13431e+00 -8.51887e-03 -8.51887e-03  9.38996e-01  3.70516e-04  9.38996e-01  2.41680e-03 -3.04454e-02  1.87533e-03  1.87533e-03  1.25742e-02 -8.15916e-05  1.25742e-02 -4.66364e-02  2.02761e-03  2.02761e-03 -1.20707e-05  8.71304e-01 -1.98864e-02  8.63626e-04  8.63626e-04
00055 0009 -4.37500e+00  6.56947e-01  1.15056e+00 -1.04238e-02 -1.04238e-02  9.32371e-01  4.96480e-04  9.32371e-01  4.89787e-03 -3.71198e-02  2.48867e-03  2.48867e-03  1.49966e-02 -1.18544e-04  1.49966e-02 -6.31193e-02  3.00524e-03  3.00524e-03 -1.07614e-05  8.57664e-01 -2.75449e-02  1.31056e-03  1.31056e-03
00055 0010 -3.95833e+00  6.35967e-01  1.16688e+00 -1.27294e-02 -1.27294e-02  9.25873e-01  6.70013e-04  9.25873e-01  7.97295e-03 -4.61221e-02  3.39729e-03  3.39729e-03  1.82265e-02 -1.78768e-04  1.82265e-02 -8.41084e-02  4.42487e-03  4.42487e-03 -1.05063e-05  8.39906e-01 -3.73872e-02  1.96635e-03  1.96635e-03
00055 0011 -3.54167e+00  6.11998e-01  1.18237e+00 -1.55040e-02 -1.55040e-02  9.19856e-01  9.12040e-04  9.19856e-01  1.18471e-02 -5.85295e-02  4.79203e-03  4.79203e-03  2.26465e-02 -2.81831e-04  2.26465e-02 -1.10779e-01  6.51413e-03  6.51413e-03 -1.07172e-05  8.16864e-01 -4.99749e-02  2.93781e-03  2.93781e-03
00188 0004 -3.22917e+00  5.90659e-01  1.19463e+00 -9.03497e-03 -9.03497e-03  9.14990e-01  2.91467e-04  9.14990e-01  1.56145e-02 -7.20975e-02  3.21386e-03  3.21386e-03  2.75639e-02 -1.03718e-04  2.75639e-02 -1.36668e-01  4.40701e-03  4.40701e-03 -1.15070e-05  7.94442e-01 -6.22304e-02  2.00653e-03  2.00653e-03
00188 0005 -3.02083e+00  5.75138e-01  1.20056e+00 -9.94075e-03 -9.94075e-03  9.12739e-01  3.42775e-04  9.12739e-01  1.85446e-02 -8.27645e-02  3.94305e-03  3.94305e-03  3.13988e-02 -1.35958e-04  3.13988e-02 -1.55935e-01  5.37536e-03  5.37536e-03 -5.55238e-06  7.77319e-01 -7.13709e-02  2.46015e-03  2.46015e-03
00188 0006 -2.81250e+00  5.57953e-01  1.20522e+00 -1.09162e-02 -1.09162e-02  9.10991e-01  4.04315e-04  9.10991e-01  2.19858e-02 -9.55759e-02  4.88144e-03  4.88144e-03  3.60370e-02 -1.80768e-04  3.60370e-02 -1.77585e-01  6.57544e-03  6.57544e-03 -5.97302e-06  7.57810e-01 -8.16512e-02  3.02326e-03  3.02326e-03
00188 0007 -2.60417e+00  5.38749e-01  1.20817e+00 -1.19538e-02 -1.19538e-02  9.09898e-01  4.78188e-04  9.09898e-01  2.60864e-02 -1.11003e-01  6.11764e-03  6.11764e-03  4.16836e-02 -2.44683e-04  4.16836e-02 -2.01831e-01  8.07188e-03  8.07188e-03 -5.47490e-06  7.35574e-01 -9.31751e-02  3.72616e-03  3.72616e-03
00188 0008 -2.39583e+00  5.17088e-01  1.20890e+00 -1.30393e-02 -1.30393e-02  9.09645e-01  5.66983e-04  9.09645e-01  3.10533e-02 -1.29620e-01  7.76452e-03  7.76452e-03  4.86068e-02 -3.37615e-04  4.86068e-02 -2.28831e-01  9.94800e-03  9.94800e-03 -6.64764e-06  7.10224e-01 -1.06027e-01  4.60907e-03  4.60907e-03
00188 0009 -2.18750e+00  4.92437e-01  1.20680e+00 -1.41469e-02 -1.41469e-02  9.10460e-01  6.73724e-04  9.10460e-01  3.71704e-02 -1.52095e-01  9.98745e-03  9.98745e-03  5.71493e-02 -4.75703e-04  5.71493e-02 -2.58619e-01  1.23138e-02  1.23138e-02 -9.06586e-06  6.81321e-01 -1.20245e-01  5.72526e-03  5.72526e-03
00188 0010 -1.97917e+00  4.64154e-01  1.20120e+00 -1.52340e-02 -1.52340e-02  9.12610e-01  8.01846e-04  9.12610e-01  4.48313e-02 -1.79182e-01  1.30328e-02  1.30328e-02  6.77503e-02 -6.86023e-04  6.77503e-02 -2.90977e-01  1.53128e-02  1.53128e-02 -1.37143e-05  6.48375e-01 -1.35780e-01  7.14567e-03  7.14567e-03
00188 0011 -1.77083e+00  4.31496e-01  1.19137e+00 -1.62339e-02 -1.62339e-02  9.16393e-01  9.54976e-04  9.16393e-01  5.45824e-02 -2.11695e-01  1.72748e-02  1.72748e-02  8.09656e-02 -1.01613e-03  8.09656e-02 -3.25224e-01  1.91285e-02  1.91285e-02 -1.76469e-05  6.10855e-01 -1.52418e-01  8.96502e-03  8.96502e-03
00189 0004 -1.61458e+00  4.02689e-01  1.18208e+00 -8.47052e-03 -8.47052e-03  9.19825e-01  2.73259e-04  9.19825e-01  6.40394e-02 -2.43221e-01  1.08892e-02  1.08892e-02  9.44802e-02 -3.51478e-04  9.44802e-02 -3.53228e-01  1.13904e-02  1.13904e-02  1.83440e-05  5.78303e-01 -1.66273e-01  5.36350e-03  5.36350e-03
00189 0005 -1.51042e+00  3.82180e-01  1.17348e+00 -8.64177e-03 -8.64177e-03  9.23192e-01  2.98014e-04  9.23192e-01  7.12905e-02 -2.65002e-01  1.27442e-02  1.27442e-02  1.04059e-01 -4.39393e-04  1.04059e-01 -3.70475e-01  1.27755e-02  1.27755e-02  1.69686e-05  5.55436e-01 -1.75027e-01  6.03513e-03  6.03513e-03
00189 0006 -1.40625e+00  3.60095e-01  1.16354e+00 -8.76932e-03 -8.76932e-03  9.27131e-01  3.24812e-04  9.27131e-01  7.96103e-02 -2.88775e-01  1.49706e-02  1.49706e-02  1.14834e-01 -5.54436e-04  1.14834e-01 -3.86920e-01  1.43295e-02  1.43295e-02  1.04309e-05  5.31075e-01 -1.83629e-01  6.80091e-03  6.80091e-03
00189 0007 -1.30208e+00  3.36350e-01  1.15225e+00 -8.83893e-03 -8.83893e-03  9.31663e-01  3.53583e-04  9.31663e-01  8.91840e-02 -3.14662e-01  1.76921e-02  1.76921e-02  1.26950e-01 -7.07717e-04  1.26950e-01 -4.01957e-01  1.60778e-02  1.60778e-02  1.32527e-05  5.05141e-01 -1.91867e-01  7.67454e-03  7.67454e-03
00189 0008 -1.19792e+00  3.10886e-01  1.13966e+00 -8.83860e-03 -8.83860e-03  9.36792e-01  3.84316e-04  9.36792e-01  1.00231e-01 -3.42806e-01  2.10573e-02  2.10573e-02  1.40575e-01 -9.15559e-04  1.40575e-01 -4.14800e-01  1.80344e-02  1.80344e-02  1.52303e-05  4.77558e-01 -1.99459e-01  8.67201e-03  8.67201e-03
00189 0009 -1.09375e+00  2.83686e-01  1.12589e+00 -8.75408e-03 -8.75408e-03  9.42505e-01  4.16913e-04  9.42505e-01  1.13013e-01 -3.73359e-01  2.52598e-02  2.52598e-02  1.55892e-01 -1.20286e-03  1.55892e-01 -4.24462e-01  2.02120e-02  2.02120e-02  9.20312e-06  4.48246e-01 -2.06038e-01  9.81124e-03  9.81124e-03
00189 0010 -9.89583e-01  2.54794e-01  1.11110e+00 -8.56962e-03 -8.56962e-03  9.48755e-01  4.51160e-04  9.48755e-01  1.27841e-01 -4.06491e-01  3.05848e-02  3.05848e-02  1.73089e-01 -1.60955e-03  1.73089e-01 -4.29730e-01  2.26167e-02  2.26167e-02 -2.21008e-05  4.17131e-01 -2.11138e-01  1.11123e-02  1.11123e-02
00189 0011 -8.85417e-01  2.24342e-01  1.09555e+00 -8.26819e-03 -8.26819e-03  9.55462e-01  4.86465e-04  9.55462e-01  1.45086e-01 -4.42310e-01  3.74555e-02  3.74555e-02  1.92323e-01 -2.20191e-03  1.92323e-01 -4.29157e-01  2.52437e-02  2.52437e-02 -4.75999e-05  3.84135e-01 -2.14164e-01  1.25976e-02  1.25976e-02
00190 0004 -8.07292e-01  1.99851e-01  1.08395e+00 -3.98699e-03 -3.98699e-03  9.60510e-01  1.28522e-04  9.60510e-01  1.60386e-01 -4.76244e-01  2.21703e-02  2.21703e-02  2.10845e-01 -7.15461e-04  2.10845e-01 -4.24981e-01  1.37044e-02  1.37044e-02  3.52246e-05  3.57250e-01 -2.15292e-01  6.94497e-03  6.94497e-03
00190 0005 -7.55208e-01  1.83649e-01  1.07591e+00 -3.85901e-03 -3.85901e-03  9.64090e-01  1.32957e-04  9.64090e-01  1.71333e-01 -4.97276e-01  2.48421e-02  2.48421e-02  2.22621e-01 -8.56716e-04  2.22621e-01 -4.18797e-01  1.44429e-02  1.44429e-02  8.99760e-05  3.39188e-01 -2.14590e-01  7.39966e-03  7.39966e-03
00190 0006 -7.03125e-01  1.67250e-01  1.06790e+00 -3.71537e-03 -3.71537e-03  9.67698e-01  1.37482e-04  9.67698e-01  1.83195e-01 -5.19300e-01  2.79958e-02  2.79958e-02  2.35094e-01 -1.03716e-03  2.35094e-01 -4.10174e-01  1.51918e-02  1.51918e-02  1.12478e-04  3.20601e-01 -2.12899e-01  7.88529e-03  7.88529e-03
00190 0007 -6.51042e-01  1.50734e-01  1.05999e+00 -3.55477e-03 -3.55477e-03  9.71304e-01  1.42093e-04  9.71304e-01  1.96061e-01 -5.42372e-01  3.16930e-02  3.16930e-02  2.48288e-01 -1.26863e-03  2.48288e-01 -3.98882e-01  1.59553e-02  1.59553e-02  9.11181e-05  3.01478e-01 -2.10083e-01  8.40346e-03  8.40346e-03
00190 0008 -5.98958e-01  1.34194e-01  1.05223e+00 -3.37286e-03 -3.37286e-03  9.74875e-01  1.46639e-04  9.74875e-01  2.10035e-01 -5.66546e-01  3.61003e-02  3.61003e-02  2.62219e-01 -1.57098e-03  2.62219e-01 -3.84703e-01  1.67261e-02  1.67261e-02  4.24840e-05  2.81810e-01 -2.05990e-01  8.95619e-03  8.95619e-03
00190 0009 -5.46875e-01  1.17744e-01  1.04472e+00 -3.16877e-03 -3.16877e-03  9.78375e-01  1.51101e-04  9.78375e-01  2.25241e-01 -5.91865e-01  4.14517e-02  4.14517e-02  2.76891e-01 -1.97471e-03  2.76891e-01 -3.67435e-01  1.74967e-02  1.74967e-02 -5.96686e-06  2.61585e-01 -2.00457e-01  9.54560e-03  9.54560e-03
00190 0010 -4.94792e-01  1.01516e-01  1.03751e+00 -2.94286e-03 -2.94286e-03  9.81764e-01  1.54970e-04  9.81764e-01  2.41820e-01 -6.18392e-01  4.80569e-02  4.80569e-02  2.92312e-01 -2.52510e-03  2.92312e-01 -3.46905e-01  1.82580e-02  1.82580e-02 -3.40469e-05  2.40794e-01 -1.93305e-01  1.01740e-02  1.01740e-02
00190 0011 -4.42708e-01  8.56683e-02  1.03070e+00 -2.70020e-03 -2.70020e-03  9.85000e-01  1.58157e-04  9.85000e-01  2.59937e-01 -6.46132e-01  5.63697e-02  5.63697e-02  3.08447e-01 -3.32171e-03  3.08447e-01 -3.22984e-01  1.89989e-02  1.89989e-02 -4.18847e-05  2.19432e-01 -1.84343e-01  1.08437e-02  1.08437e-02
00191 0004 -3.90625e-01  7.03825e-02  1.02436e+00 -2.43664e-03 -2.43664e-03  9.88043e-01  1.65838e-04  9.88043e-01  2.79781e-01 -6.74895e-01  6.69193e-02  6.69193e-02  3.25166e-01 -4.47251e-03  3.25166e-01 -2.95595e-01  1.97061e-02  1.97061e-02 -4.11977e-07  1.97496e-01 -1.73361e-01  1.15574e-02  1.15574e-02
00191 0005 -3.38542e-01  5.58691e-02  1.01858e+00 -2.13077e-03 -2.13077e-03  9.90844e-01  1.60471e-04  9.90844e-01  3.01597e-01 -7.04772e-01  8.10940e-02  8.10940e-02  3.42453e-01 -6.15385e-03  3.42453e-01 -2.64739e-01  2.03647e-02  2.03647e-02  1.10254e-05  1.74995e-01 -1.60138e-01  1.23183e-02  1.23183e-02
00191 0006 -2.86458e-01  4.23685e-02  1.01346e+00 -1.90622e-03 -1.90622e-03  9.93341e-01  1.62178e-04  9.93341e-01  3.25794e-01 -7.33854e-01  1.00402e-01  1.00402e-01  3.59265e-01 -9.37907e-03  3.59265e-01 -2.30501e-01  2.09539e-02  2.09539e-02 -8.32248e-07  1.51948e-01 -1.44431e-01  1.31301e-02  1.31301e-02
00191 0007 -2.34375e-01  3.01602e-02  1.00879e+00 -1.38086e-03 -1.38086e-03  9.95635e-01  2.47742e-04  9.95635e-01  3.52668e-01 -7.61892e-01  1.26806e-01  1.26806e-01  3.75628e-01 -1.37377e-02  3.75628e-01 -1.93090e-01  2.14527e-02  2.14527e-02  1.31747e-04  1.28392e-01 -1.25975e-01  1.39964e-02  1.39964e-02
00191 0008 -1.82292e-01  1.95566e-02  1.00577e+00 -1.36775e-03 -1.36775e-03  9.97131e-01 -1.52045e-04  9.97131e-01  3.81477e-01 -7.81709e-01  1.74054e-01  1.74054e-01  3.87030e-01 -2.45162e-02  3.87030e-01 -1.52901e-01  2.18413e-02  2.18413e-02 -2.33384e-04  1.04494e-01 -1.04502e-01  1.49288e-02  1.49288e-02
00191 0009 -1.30208e-01  1.09316e-02  1.00025e+00 -9.39468e-04 -9.39468e-04  9.99876e-01  1.37564e-03  9.99876e-01  4.14622e-01 -7.63483e-01  2.28043e-01  2.28043e-01  3.81097e-01 -5.26345e-02  3.81097e-01 -1.10372e-01  2.20714e-02  2.20714e-02  9.91036e-04  8.07113e-02 -7.96622e-02  1.59267e-02  1.59267e-02
00191 0010 -7.81250e-02  4.68661e-03  1.00333e+00  2.34719e-03  2.34719e-03  9.98351e-01 -2.76903e-03  9.98351e-01  4.56863e-01 -7.21114e-01  3.76642e-01  3.76642e-01  3.60777e-01 -8.67812e-02  3.60777e-01 -6.63803e-02  2.21221e-02  2.21221e-02 -1.72773e-03  5.68831e-02 -5.11380e-02  1.70154e-02  1.70154e-02
00191 0011 -2.60417e-02  1.32307e-03  1.00007e+00 -8.28288e-03 -8.28288e-03  1.00007e+00  8.28288e-03  1.00007e+00  4.74160e-01 -7.56923e-03  4.60736e-01  4.60736e-01 -7.56923e-03 -4.60736e-01 -7.56923e-03 -2.19812e-02  2.19812e-02  2.19812e-02  1.80426e-03  3.81893e-02 -1.81716e-02  1.81716e-02  1.81716e-02
00210 0004  2.60417e-02  1.32307e-03  1.00007e+00  8.28288e-03  8.28288e-03  1.00007e+00  8.28288e-03  1.00007e+00  4.74160e-01 -7.56923e-03 -4.60736e-01 -4.60736e-01 -7.56923e-03 -4.60736e-01 -7.56923e-03  2.19812e-02  2.19812e-02  2.19812e-02  1.80426e-03  3.81893e-02  1.81716e-02  1.81716e-02  1.81716e-02
00210 0005  7.81250e-02  4.68661e-03  1.00333e+00 -2.34719e-03 -2.34719e-03  9.98351e-01 -2.76903e-03  9.98351e-01  4.56863e-01 -7.21114e-01 -3.76642e-01 -3.76642e-01  3.60777e-01 -8.67812e-02  3.60777e-01  6.63803e-02  2.21221e-02  2.21221e-02 -1.72773e-03  5.68831e-02  5.11380e-02  1.70154e-02  1.70154e-02
00210 0006  1.30208e-01  1.09316e-02  1.00025e+00  9.39468e-04  9.39468e-04  9.99876e-01  1.37564e-03  9.99876e-01  4.14622e-01 -7.63483e-01 -2.28043e-01 -2.28043e-01  3.81097e-01 -5.26345e-02  3.81097e-01  1.10372e-01  2.20714e-02  2.20714e-02  9.91036e-04  8.07113e-02  7.96622e-02  1.59267e-02  1.59267e-02
00210 0007  1.82292e-01  1.95566e-02  1.00577e+00  1.36775e-03  1.36775e-03  9.97131e-01 -1.52045e-04  9.97131e-01  3.81477e-01 -7.81709e-01 -1.74054e-01 -1.74054e-01  3.87030e-01 -2.45162e-02  3.87030e-01  1.52901e-01  2.18413e-02  2.18413e-02 -2.33384e-04  1.04494e-01  1.04502e-01  1.49288e-02  1.49288e-02
00210 0008  2.34375e-01  3.01602e-02  1.00879e+00  1.38086e-03  1.38086e-03  9.95635e-01  2.47742e-04  9.95635e-01  3.52668e-01 -7.61892e-01 -1.26806e-01 -1.26806e-01  3.75628e-01 -1.37377e-02  3.75628e-01  1.93090e-01  2.14527e-02  2.14527e-02  1.31747e-04  1.28392e-01  1.25975e-01  1.39964e-02  1.39964e-02
00210 0009  2.86458e-01  4.23685e-02  1.01346e+00  1.90622e-03  1.90622e-03  9.93341e-01  1.62178e-04  9.93341e-01  3.25794e-01 -7.33854e-01 -1.00402e-01 -1.00402e-01  3.59265e-01 -9.37907e-03  3.59265e-01  2.30501e-01  2.09539e-02  2.09539e-02 -8.32247e-07  1.51948e-01  1.44431e-01  1.31301e-02  1.31301e-02
00210 0010  3.38542e-01  5.58691e-02  1.01858e+00  2.13077e-03  2.13077e-03  9.90844e-01  1.60471e-04  9.90844e-01  3.01597e-01 -7.04772e-01 -8.10940e-02 -8.10940e-02  3.42453e-01 -6.15385e-03  3.42453e-01  2.64739e-01  2.03647e-02  2.03647e-02  1.10254e-05  1.74995e-01  1.60138e-01  1.23183e-02  1.23183e-02
00210 0011  3.90625e-01  7.03825e-02  1.02436e+00  2.43664e-03  2.43664e-03  9.88043e-01  1.65838e-04  9.88043e-01  2.79781e-01 -6.74895e-01 -6.69193e-02 -6.69193e-02  3.25166e-01 -4.47251e-03  3.25166e-01  2.95595e-01  1.97061e-02  1.97061e-02 -4.11977e-07  1.97496e-01  1.73361e-01  1.15574e-02  1.15574e-02
00211 0004  4.42708e-01  8.56683e-02  1.03070e+00  2.70020e-03  2.70020e-03  9.85000e-01  1.58157e-04  9.85000e-01  2.59937e-01 -6.46132e-01 -5.63697e-02 -5.63697e-02  3.08447e-01 -3.32171e-03  3.08447e-01  3.22984e-01  1.89989e-02  1.89989e-02 -4.18847e-05  2.19432e-01  1.84343e-01  1.08437e-02  1.08437e-02
00211 0005  4.94792e-01  1.01516e-01  1.03751e+00  2.94286e-03  2.94286e-03  9.81764e-01  1.54970e-04  9.81764e-01  2.41820e-01 -6.18392e-01 -4.80569e-02 -4.80569e-02  2.92312e-01 -2.52510e-03  2.92312e-01  3.46905e-01  1.82580e-02  1.82580e-02 -3.40469e-05  2.40794e-01  1.93305e-01  1.01740e-02  1.01740e-02
00211 0006  5.46875e-01  1.17744e-01  1.04472e+00  3.16877e-03  3.16877e-03  9.78375e-01  1.51101e-04  9.78375e-01  2.25241e-01 -5.91865e-01 -4.14517e-02 -4.14517e-02  2.76891e-01 -1.97471e-03  2.76891e-01  3.67435e-01  1.74967e-02  1.74967e-02 -5.96686e-06  2.61585e-01  2.00457e-01  9.54560e-03  9.54560e-03
00211 0007  5.98958e-01  1.34194e-01  1.05223e+00  3.37286e-03  3.37286e-03  9.74875e-01  1.46639e-04  9.74875e-01  2.10035e-01 -5.66546e-01 -3.61003e-02 -3.61003e-02  2.62219e-01 -1.57098e-03  2.62219e-01  3.84703e-01  1.67261e-02  1.67261e-02  4.24840e-05  2.81810e-01  2.05990e-01  8.95619e-03  8.95619e-03
00211 0008  6.51042e-01  1.50734e-01  1.05999e+00  3.55477e-03  3.55477e-03  9.71304e-01  1.42093e-04  9.71304e-01  1.96061e-01 -5.42372e-01 -3.16930e-02 -3.16930e-02  2.48288e-01 -1.26863e-03  2.48288e-01  3.98882e-01  1.59553e-02  1.59553e-02  9.11181e-05  3.01478e-01  2.10083e-01  8.40346e-03  8.40346e-03
00211 0009  7.03125e-01  1.67250e-01  1.06790e+00  3.71537e-03  3.71537e-03  9.67698e-01  1.37482e-04  9.67698e-01  1.83195e-01 -5.19300e-01 -2.79958e-02 -2.79958e-02  2.35094e-01 -1.03716e-03  2.35094e-01  4.10174e-01  1.51918e-02  1.51918e-02  1.12478e-04  3.20601e-01  2.12899e-01  7.88529e-03  7.88529e-03
00211 0010  7.55208e-01  1.83649e-01  1.07591e+00  3.85901e-03  3.85901e-03  9.64090e-01  1.32957e-04  9.64090e-01  1.71333e-01 -4.97276e-01 -2.48421e-02 -2.48421e-02  2.22621e-01 -8.56716e-04  2.22621e-01  4.18797e-01  1.44429e-02  1.44429e-02  8.99760e-05  3.39188e-01  2.14590e-01  7.39966e-03  7.39966e-03
00211 0011  8.07292e-01  1.99851e-01  1.08395e+00  3.98699e-03  3.98699e-03  9.60510e-01  1.28522e-04  9.60510e-01  1.60386e-01 -4.76244e-01 -2.21703e-02 -2.21703e-02  2.10845e-01 -7.15461e-04  2.10845e-01  4.24981e-01  1.37044e-02  1.37044e-02  3.52246e-05  3.57250e-01  2.15292e-01  6.94497e-03  6.94497e-03
00218 0004  8.85417e-01  2.24342e-01  1.09555e+00  8.26819e-03  8.26819e-03  9.55462e-01  4.86465e-04  9.55462e-01  1.45086e-01 -4.42310e-01 -3.74555e-02 -3.74555e-02  1.92323e-01 -2.20191e-03  1.92323e-01  4.29157e-01  2.52437e-02  2.52437e-02 -4.75999e-05  3.84135e-01  2.14164e-01  1.25976e-02  1.25976e-02
00218 0005  9.89583e-01  2.54794e-01  1.11110e+00  8.56962e-03  8.56962e-03  9.48755e-01  4.51160e-04  9.48755e-01  1.27841e-01 -4.06491e-01 -3.05848e-02 -3.05848e-02  1.73089e-01 -1.60955e-03  1.73089e-01  4.29730e-01  2.26167e-02  2.26167e-02 -2.21008e-05  4.17131e-01  2.11138e-01  1.11123e-02  1.11123e-02
00218 0006  1.09375e+00  2.83686e-01  1.12589e+00  8.75408e-03  8.75408e-03  9.42505e-01  4.16913e-04  9.42505e-01  1.13013e-01 -3.73359e-01 -2.52598e-02 -2.52598e-02  1.55892e-01 -1.20286e-03  1.55892e-01  4.24462e-01  2.02120e-02  2.02120e-02  9.20312e-06  4.48246e-01  2.06038e-01  9.81124e-03  9.81124e-03
00218 0007  1.19792e+00  3.10886e-01  1.13966e+00  8.83860e-03  8.83860e-03  9.36792e-01  3.84316e-04  9.36792e-01  1.00231e-01 -3.42806e-01 -2.10573e-02 -2.10573e-02  1.40575e-01 -9.15559e-04  1.40575e-01  4.14800e-01  1.80344e-02  1.80344e-02  1.52303e-05  4.77558e-01  1.99459e-01  8.67201e-03  8.67201e-03
00218 0008  1.30208e+00  3.36350e-01  1.15225e+00  8.83893e-03  8.83893e-03  9.31663e-01  3.53583e-04  9.31663e-01  8.91840e-02 -3.14662e-01 -1.76921e-02 -1.76921e-02  1.26950e-01 -7.07717e-04  1.26950e-01  4.01957e-01  1.60778e-02  1.60778e-02  1.32527e-05  5.05141e-01  1.91867e-01  7.67454e-03  7.67454e-03
00218 0009  1.40625e+00  3.60095e-01  1.16354e+00  8.76932e-03  8.76932e-03  9.27131e-01  3.24812e-04  9.27131e-01  7.96103e-02 -2.88775e-01 -1.49706e-02 -1.49706e-02  1.14834e-01 -5.54436e-04  1.14834e-01  3.86920e-01  1.43295e-02  1.43295e-02  1.04309e-05  5.31075e-01  1.83629e-01  6.80091e-03  6.80091e-03
00218 0010  1.51042e+00  3.82180e-01  1.17348e+00  8.64177e-03  8.64177e-03  9.23192e-01  2.98014e-04  9.23192e-01  7.12905e-02 -2.65002e-01 -1.27442e-02 -1.27442e-02  1.04059e-01 -4.39393e-04  1.04059e-01  3.70475e-01  1.27755e-02  1.27755e-02  1.69686e-05  5.55436e-01  1.75027e-01  6.03513e-03  6.03513e-03
00218 0011  1.61458e+00  4.02689e-01  1.18208e+00  8.47052e-03  8.47052e-03  9.19825e-01  2.73259e-04  9.19825e-01  6.40394e-02 -2.43221e-01 -1.08892e-02 -1.08892e-02  9.44802e-02 -3.51478e-04  9.44802e-02  3.53228e-01  1.13904e-02  1.13904e-02  1.83440e-05  5.78303e-01  1.66273e-01  5.36350e-03  5.36350e-03
00225 0004  1.77083e+00  4.31496e-01  1.19137e+00  1.62339e-02  1.62339e-02  9.16393e-01  9.54976e-04  9.16393e-01  5.45824e-02 -2.11695e-01 -1.72748e-02 -1.72748e-02  8.09656e-02 -1.01613e-03  8.09656e-02  3.25224e-01  1.91285e-02  1.91285e-02 -1.76469e-05  6.10855e-01  1.52418e-01  8.96502e-03  8.96502e-03
00225 0005  1.97917e+00  4.64154e-01  1.20120e+00  1.52340e-02  1.52340e-02  9.12610e-01  8.01846e-04  9.12610e-01  4.48313e-02 -1.79182e-01 -1.30328e-02 -1.30328e-02  6.77503e-02 -6.86023e-04  6.77503e-02  2.90977e-01  1.53128e-02  1.53128e-02 -1.37143e-05  6.48375e-01  1.35780e-01  7.14567e-03  7.14567e-03
00225 0006  2.18750e+00  4.92437e-01  1.20680e+00  1.41469e-02  1.41469e-02  9.10460e-01  6.73724e-04  9.10460e-01  3.71704e-02 -1.52095e-01 -9.98745e-03 -9.98745e-03  5.71493e-02 -4.75703e-04  5.71493e-02  2.58619e-01  1.23138e-02  1.23138e-02 -9.06586e-06  6.81321e-01  1.20245e-01  5.72526e-03  5.72526e-03
00225 0007  2.39583e+00  5.17088e-01  1.20890e+00  1.30393e-02  1.30393e-02  9.09645e-01  5.66983e-04  9.09645e-01  3.10533e-02 -1.29620e-01 -7.76452e-03 -7.76452e-03  4.86068e-02 -3.37615e-04  4.86068e-02  2.28831e-01  9.94800e-03  9.94800e-03 -6.64764e-06  7.10224e-01  1.06027e-01  4.60907e-03  4.60907e-03
00225 0008  2.60417e+00  5.38749e-01  1.20817e+00  1.19538e-02  1.19538e-02  9.09898e-01  4.78188e-04  9.09898e-01  2.60864e-02 -1.11003e-01 -6.11764e-03 -6.11764e-03  4.16836e-02 -2.44683e-04  4.16836e-02  2.01831e-01  8.07188e-03  8.07188e-03 -5.47490e-06  7.35574e-01  9.31751e-02  3.72616e-03  3.72616e-03
00225 0009  2.81250e+00  5.57953e-01  1.20522e+00  1.09162e-02  1.09162e-02  9.10991e-01  4.04315e-04  9.10991e-01  2.19858e-02 -9.55759e-02 -4.88144e-03 -4.88144e-03  3.60370e-02 -1.80768e-04  3.60370e-02  1.77585e-01  6.57544e-03  6.57544e-03 -5.97302e-06  7.57810e-01  8.16512e-02  3.02326e-03  3.02326e-03
00225 0010  3.02083e+00  5.75138e-01  1.20056e+00  9.94075e-03  9.94075e-03  9.12739e-01  3.42775e-04  9.12739e-01  1.85446e-02 -8.27645e-02 -3.94305e-03 -3.94305e-03  3.13988e-02 -1.35958e-04  3.13988e-02  1.55935e-01  5.37536e-03  5.37536e-03 -5.55238e-06  7.77319e-01  7.13709e-02  2.46015e-03  2.46015e-03
00225 0011  3.22917e+00  5.90659e-01  1.19463e+00  9.03497e-03  9.03497e-03  9.14990e-01  2.91467e-04  9.14990e-01  1.56145e-02 -7.20975e-02 -3.21386e-03 -3.21386e-03  2.75639e-02 -1.03718e-04  2.75639e-02  1.36668e-01  4.40701e-03  4.40701e-03 -1.15070e-05  7.94442e-01  6.22304e-02  2.00653e-03  2.00653e-03
00262 0004  3.54167e+00  6.11998e-01  1.18237e+00  1.55040e-02  1.55040e-02  9.19856e-01  9.12040e-04  9.19856e-01  1.18471e-02 -5.85295e-02 -4.79203e-03 -4.79203e-03  2.26465e-02 -2.81831e-04  2.26465e-02  1.10779e-01  6.51413e-03  6.51413e-03 -1.07172e-05  8.16864e-01  4.99749e-02  2.93781e-03  2.93781e-03
00262 0005  3.95833e+00  6.35967e-01  1.16688e+00  1.27294e-02  1.27294e-02  9.25873e-01  6.70013e-04  9.25873e-01  7.97295e-03 -4.61221e-02 -3.39729e-03 -3.39729e-03  1.82265e-02 -1.78768e-04  1.82265e-02  8.41084e-02  4.42487e-03  4.42487e-03 -1.05063e-05  8.39906e-01  3.73872e-02  1.96635e-03  1.96635e-03
00262 0006  4.37500e+00  6.56947e-01  1.15056e+00  1.04238e-02  1.04238e-02  9.32371e-01  4.96480e-04  9.32371e-01  4.89787e-03 -3.71198e-02 -2.48867e-03 -2.48867e-03  1.49966e-02 -1.18544e-04  1.49966e-02  6.31193e-02  3.00524e-03  3.00524e-03 -1.07614e-05  8.57664e-01  2.75449e-02  1.31056e-03  1.31056e-03
00262 0007  4.79167e+00  6.75707e-01  1.13431e+00  8.51887e-03  8.51887e-03  9.38996e-01  3.70516e-04  9.38996e-01  2.41680e-03 -3.04454e-02 -1.87533e-03 -1.87533e-03  1.25742e-02 -8.15916e-05  1.25742e-02  4.66364e-02  2.02761e-03  2.02761e-03 -1.20707e-05  8.71304e-01  1.98864e-02  8.63626e-04  8.63626e-04
00262 0008  5.20833e+00  6.92748e-01  1.11867e+00  6.94850e-03  6.94850e-03  9.45517e-01  2.78070e-04  9.45517e-01  4.10540e-04 -2.53730e-02 -1.44692e-03 -1.44692e-03  1.07053e-02 -5.79112e-05  1.07053e-02  3.37306e-02  1.34911e-03  1.34911e-03 -1.16784e-05  8.81728e-01  1.39652e-02  5.57730e-04  5.57730e-04
00262 0009  5.62500e+00  7.08406e-01  1.10396e+00  5.65539e-03  5.65539e-03  9.51781e-01  2.09598e-04  9.51781e-01 -1.19279e-03 -2.14227e-02 -1.13786e-03 -1.13786e-03  9.22343e-03 -4.21707e-05  9.22343e-03  2.36791e-02  8.76804e-04  8.76804e-04 -1.24684e-05  8.89645e-01  9.42874e-03  3.48410e-04  3.48410e-04
00262 0010  6.04167e+00  7.22903e-01  1.09035e+00  4.59116e-03  4.59116e-03  9.57693e-01  1.58466e-04  9.57693e-01 -2.44051e-03 -1.82664e-02 -9.08313e-04 -9.08313e-04  8.01455e-03 -3.13536e-05  8.01455e-03  1.59155e-02  5.48141e-04  5.48141e-04 -1.38455e-05  8.95623e-01  5.99822e-03  2.06028e-04  2.06028e-04
00262 0011  6.45833e+00  7.36389e-01  1.07792e+00  3.71565e-03  3.71565e-03  9.63193e-01  1.20019e-04  9.63193e-01 -3.36629e-03 -1.56747e-02 -7.33091e-04 -7.33091e-04  6.99823e-03 -2.36784e-05  6.99823e-03  9.99391e-03  3.21146e-04  3.21146e-04 -1.46787e-05  9.00120e-01  3.45220e-03  1.10483e-04  1.10483e-04
00263 0004  6.87500e+00  7.48968e-01  1.06669e+00  2.99613e-03  2.99613e-03  9.68244e-01  9.09619e-05  9.68244e-01 -3.99822e-03 -1.34960e-02 -5.95654e-04 -5.95654e-04  6.12191e-03 -1.80783e-05  6.12191e-03  5.56070e-03  1.66541e-04  1.66541e-04 -1.76693e-05  9.03515e-01  1.61273e-03  4.78204e-05  4.78204e-05
00263 0005  7.29167e+00  7.60714e-01  1.05665e+00  2.40592e-03  2.40592e-03  9.72830e-01  6.89189e-05  9.72830e-01 -4.36319e-03 -1.16176e-02 -4.85455e-04 -4.85455e-04  5.34585e-03 -1.39009e-05  5.34585e-03  2.33004e-03  6.37839e-05  6.37839e-05 -1.79508e-05  9.06119e-01  3.35537e-04  8.32786e-06  8.32786e-06
00263 0006  7.70833e+00  7.71676e-01  1.04776e+00  1.92303e-03  1.92303e-03  9.76947e-01  5.21625e-05  9.76947e-01 -4.49139e-03 -9.96666e-03 -3.95587e-04 -3.95587e-04  4.64510e-03 -1.07228e-05  4.64510e-03  7.39715e-05 -1.42134e-06 -1.42134e-06 -1.46513e-05  9.08189e-01 -4.98013e-04 -1.49339e-05 -1.49339e-05
00263 0007  8.12500e+00  7.81896e-01  1.03996e+00  1.52951e-03  1.52951e-03  9.80600e-01  3.94168e-05  9.80600e-01 -4.41856e-03 -8.49941e-03 -3.21247e-04 -3.21247e-04  4.00619e-03 -8.27163e-06  4.00619e-03 -1.39693e-03 -3.97784e-05 -3.97784e-05 -1.10868e-05  9.09931e-01 -9.88289e-04 -2.70278e-05 -2.70278e-05
00263 0008  8.54167e+00  7.91405e-01  1.03320e+00  1.21045e-03  1.21045e-03  9.83806e-01  2.97235e-05  9.83806e-01 -4.18604e-03 -7.17952e-03 -2.59185e-04 -2.59185e-04  3.41756e-03 -6.36565e-06  3.41756e-03 -2.24550e-03 -5.91113e-05 -5.91113e-05 -3.97552e-06  9.11508e-01 -1.21971e-03 -3.16038e-05 -3.16038e-05
00263 0009  8.95833e+00  8.00232e-01  1.02738e+00  9.53244e-04  9.53244e-04  9.86586e-01  2.23572e-05  9.86586e-01 -3.83928e-03 -5.99354e-03 -2.07349e-04 -2.07349e-04  2.87740e-03 -4.87440e-06  2.87740e-03 -2.60840e-03 -6.51496e-05 -6.51496e-05  6.01989e-06  9.13039e-01 -1.26279e-03 -3.13197e-05 -3.13197e-05
00263 0010  9.37500e+00  8.08405e-01  1.02243e+00  7.47315e-04  7.47315e-04  9.88969e-01  1.67597e-05  9.88969e-01 -3.42545e-03 -4.94283e-03 -1.64181e-04 -1.64181e-04  2.39029e-03 -3.70821e-06  2.39029e-03 -2.60777e-03 -6.23929e-05 -6.23929e-05  1.58854e-05  9.14605e-01 -1.17634e-03 -2.80461e-05 -2.80461e-05
00263 0011  9.79167e+00  8.15953e-01  1.01827e+00  5.83702e-04  5.83702e-04  9.90988e-01  1.24909e-05  9.90988e-01 -2.98844e-03 -4.03818e-03 -1.29032e-04 -1.29032e-04  1.96484e-03 -2.80746e-06  1.96484e-03 -2.35696e-03 -5.39419e-05 -5.39419e-05  1.83542e-05  9.16253e-01 -1.00836e-03 -2.30473e-05 -2.30473e-05
